1000
1152299427 
223840042 
1287487106 
593400968 
735206212 
1589759001 
2069834510 
668882480 
808284658 
1201886571 
1014983331 
2086000814 
1361784847 
761170564 
801013197 
730103625 
5748438 
1576460931 
1267998018 
1287998487 
1883570151 
659169187 
28409913 
2145324179 
1148026995 
1783671750 
1994411750 
6364913 
968295562 
1559931134 
653962273 
2011243547 
241418521 
699304830 
261159140 
1968925557 
1891777678 
1928854726 
542938503 
1135550597 
2059320408 
521884893 
873213988 
2071339238 
1965117085 
1525440093 
212677188 
1484742720 
1852483211 
533958746 
583332387 
2080815710 
217079209 
913595887 
1931858668 
2002583103 
237123473 
1963071900 
825207674 
1700375105 
196796183 
706140952 
9984370 
1976151787 
1319159302 
442727410 
232021905 
578512110 
303305400 
1117157996 
1269950142 
471898585 
1343191860 
2114797047 
1152143924 
338685731 
1762321158 
1749675386 
634535219 
1114316400 
68043415 
772004055 
659481682 
54969874 
1580643061 
1957115006 
1948283602 
553189268 
1023689365 
209050470 
587136518 
1675026723 
1817376089 
333349106 
1185694319 
1783003130 
302247655 
1987818732 
585293993 
1182559974 
1041127595 
1716688810 
3823673 
1999845055 
98508730 
220256095 
1600558245 
747030705 
1575147694 
2145222948 
718559873 
348928353 
2109934474 
1377520760 
288380741 
1209526756 
401155644 
166723143 
1287531640 
2002183737 
905284679 
347176135 
934901149 
1163821529 
1198427210 
2070386607 
1003224417 
204255255 
646953787 
1182909373 
209707626 
134707445 
801884112 
79172 
509813595 
1114827153 
691055053 
2024505183 
607161717 
458914655 
1226846017 
553909176 
1899333077 
14238776 
819515399 
681350654 
1221792728 
631623002 
957482161 
1097905455 
501708870 
2133968316 
1107735694 
130019381 
1106757930 
1140807480 
81126604 
517753386 
2072861359 
682476207 
818041954 
1419256079 
1923373702 
858421365 
741274453 
858703732 
1072439836 
1434168432 
685894563 
527723017 
1309435107 
1085983583 
1222814910 
1304108467 
1286148116 
2129671546 
288551719 
1153725528 
54348071 
894080107 
531178256 
391458520 
175922353 
2058976528 
1097888154 
1977056430 
1364873477 
1084695048 
1874846520 
1440931204 
2110483414 
169580810 
612835719 
606947925 
1070258298 
65332131 
1579011701 
1374726709 
720130751 
403305022 
1517512817 
1877548652 
589473924 
1844934695 
509860471 
713161153 
927004625 
1646230978 
1195355616 
248501142 
1162346597 
1445357088 
1274341732 
1475831917 
2033644404 
1860692743 
1441680395 
1153542749 
1333654407 
383555936 
1399374302 
178883767 
827166045 
1499751563 
1868830340 
167033398 
452444896 
1796613051 
310287807 
432751767 
1714404997 
2078178978 
236080650 
1985327809 
155562330 
590092360 
1104530716 
893065161 
901252293 
1081763209 
1491323753 
1463846098 
326665130 
1390979634 
527534543 
200171889 
1941574088 
234179031 
2062300692 
1324920401 
1691968674 
612172294 
1731415693 
1346491165 
1081471949 
1541238765 
604257737 
411582458 
360400841 
970817048 
53465943 
1414036229 
1170490215 
2021467389 
28707209 
309610388 
2014059754 
1103580243 
1503213501 
1738262271 
148776516 
1756377564 
450650277 
1164186912 
81410005 
381320611 
1104667212 
1417872782 
604083092 
1205023123 
1287159201 
1722668324 
1863334004 
635231437 
463352602 
381068804 
1734163363 
347371391 
1510014273 
836056575 
1059749906 
557511759 
1861506626 
110751896 
1934278859 
1418587763 
2112026358 
510083577 
2054150484 
1296877747 
91507156 
695475948 
1106023605 
857575454 
853016194 
1394623359 
1073113430 
1408884323 
362645883 
600221024 
1311361447 
1331020202 
1789630847 
78408876 
2064206049 
1886071792 
806799588 
2097749304 
2004909133 
1461651558 
931894842 
154736414 
1418544567 
1434491728 
722318506 
325228391 
39987000 
107488992 
1097051118 
82953398 
1251951718 
760329868 
1966331975 
1725640579 
877082119 
1917831363 
1699274596 
1942525379 
432507916 
1362431466 
1141343840 
1665564232 
1631816430 
1349677414 
1794593155 
248294571 
1037430311 
1605816179 
812840796 
553585300 
971464216 
1008690903 
1029201993 
1039201055 
457063728 
1726212481 
704495905 
1233326029 
239201037 
1393479897 
470441286 
1484908657 
1265491377 
494070682 
685789554 
1846206506 
66110757 
481376529 
1018269580 
1333824641 
524643866 
1117104852 
1739141933 
605540660 
1454008490 
1639712616 
1099874732 
627711606 
1882688114 
1920301185 
261856647 
208601227 
1432859435 
880180058 
1877819183 
1899971110 
1098551742 
37649374 
564730604 
1384404671 
710498872 
279314605 
860610480 
1885352671 
999426979 
298088717 
2138045481 
1752628680 
884423791 
2127991775 
1257083000 
678295046 
1122491832 
665518468 
988334858 
1522010226 
336758178 
1761818666 
1180219468 
1259406254 
961603703 
518763463 
196150922 
2138392511 
862720893 
354043648 
1546965957 
1466668831 
916382919 
1322111512 
164897092 
1258046232 
478762220 
254320223 
1715848038 
1696058609 
2006807452 
1341788522 
1604321728 
1382741976 
584975152 
1537501517 
1471641423 
180281402 
943538704 
390271936 
1860379350 
1895591035 
1631817825 
952331128 
832433964 
2102803426 
2110844165 
1339394775 
1588783404 
1455244164 
308476873 
38297258 
938993624 
1048555821 
1930358829 
2139193777 
447992224 
117920226 
1682827604 
669388451 
562105037 
2028664838 
2019386625 
1464321379 
1297990419 
1144638575 
852188688 
1430549897 
1114506820 
1413917078 
947037966 
885118797 
1841827055 
537716674 
1060528228 
432220402 
1885642676 
2039294279 
1906580382 
1152334976 
1970631261 
751486327 
163311491 
51113282 
27170074 
1634036761 
113597342 
1881628697 
1108087033 
481509805 
2129482318 
1376731875 
763558938 
216482320 
1947260757 
1790613439 
619313288 
801874771 
1241424527 
1336030856 
802799868 
1815458064 
2070592570 
1009134479 
1250486267 
203774338 
185251411 
1108323206 
489353746 
1808733278 
855272970 
972917810 
2104285884 
351195142 
941104596 
1288617208 
89827071 
432607168 
109659376 
1216685007 
873783312 
1173748948 
629266717 
1482338357 
503156218 
921499854 
564230990 
730359853 
2074025239 
1695848449 
1213508984 
853952711 
1333033974 
791618821 
566314636 
598476328 
2121455785 
60356493 
1409982267 
1748704243 
875677531 
713526954 
2117009139 
1207248983 
278464283 
1850951684 
689179015 
2085406596 
278706088 
518225534 
277281651 
556727422 
1277164213 
59527889 
1853102625 
1770433885 
36761397 
1623022576 
365780715 
714519849 
1292149840 
1069560513 
1029708888 
170396422 
376727279 
532705582 
483951940 
1136350866 
1410215546 
173227800 
682687163 
797241922 
1162436278 
1685673045 
853477236 
1335928757 
496677899 
1296635185 
886027271 
1996606817 
1601537992 
2064630432 
566849098 
128623131 
1605919245 
568066184 
1220226186 
994162635 
1372563802 
199429704 
183411850 
842511577 
563641187 
1344082095 
2052770292 
1884096778 
1100747337 
1459473287 
1389234619 
1200824515 
2103210887 
47314057 
1533584453 
391380553 
1875989888 
1257188583 
1799204785 
409247175 
1622912089 
1489252809 
807062353 
367555595 
1917129097 
1037007569 
1456590270 
19815168 
1974817238 
1488226198 
871902483 
1421877144 
1282858591 
1778927100 
483314942 
1121797353 
1131959585 
554973902 
1710624189 
315469145 
1100017519 
2093441090 
1291092544 
1524649669 
1380886342 
1297330760 
1551482697 
1714001700 
1616740977 
1166822125 
1332884083 
1770079778 
1500744350 
967911703 
954882794 
2255680 
2094585459 
732013956 
1917509526 
1292597520 
24780975 
915035296 
1698868148 
1409718917 
478945608 
1829649326 
447943845 
1463890282 
1540636934 
1823976466 
470761036 
1205254645 
1748618304 
989502643 
808450025 
439335255 
319628369 
498501259 
1130014323 
905277879 
1378954182 
552577707 
395170739 
1961969356 
515016123 
1502577918 
1065189335 
1105271097 
47900753 
1221544808 
630556269 
697552334 
1365019485 
1602729120 
893090906 
514932214 
152201680 
1173969070 
177169279 
2118275762 
2060717375 
548636271 
1745745614 
1258227744 
1080478063 
714283326 
257032043 
1038804875 
1214951723 
272769057 
2119826911 
1433509418 
1099044961 
1830678472 
1466378811 
1388644766 
1258014823 
763144839 
559325074 
832982510 
2016619802 
403802322 
397147145 
1074369922 
1307241236 
1619990833 
1086024347 
1824415734 
1556587278 
2105910311 
1359827009 
846594613 
307819437 
61699817 
225550213 
696848150 
1808026603 
629056069 
1481858287 
1229915491 
2073836549 
760810055 
1549232205 
535702629 
104135668 
1684357629 
946355252 
366619811 
1880675250 
714777970 
1072603645 
464813391 
1589403090 
1102345774 
127483564 
501832017 
1988875958 
1846160353 
305352816 
2040848174 
1671189783 
1693904716 
718583407 
288188008 
1388646894 
475908256 
382974263 
1021817290 
903506249 
866639895 
772315882 
948801906 
2098119049 
332167023 
1090543449 
984872853 
2038742564 
925804739 
773648064 
747538802 
418344073 
1082024643 
1908911711 
1900413059 
1567506547 
328888169 
679620976 
1134381152 
917548833 
1579233404 
1989349348 
1706906089 
2052516265 
293093510 
1011048302 
745411997 
531770466 
720217822 
140798883 
1207817128 
1033522980 
1971002845 
1890522095 
990265717 
1358225049 
1766726419 
1355198126 
1424365729 
331750578 
2096129536 
2064599183 
1238258574 
1455658048 
1443945038 
21293906 
1591926313 
803118292 
1715681891 
1979576219 
1382647790 
1033148016 
95827548 
1296887763 
1875221517 
653528017 
1746795941 
1971404448 
756912098 
2034318386 
350621222 
1470551807 
1632646225 
700130694 
2045292424 
141553547 
2018090483 
384142618 
2017170047 
1048973890 
344555438 
439953564 
1312083895 
71239541 
2090651077 
770640917 
1158588232 
560775615 
854366610 
263875725 
1857719385 
1077596914 
1159789171 
1900106306 
1463785653 
801823640 
738618398 
185967244 
1952339209 
1637793905 
1415516123 
1030506577 
331017280 
1861396580 
1243681368 
1323822158 
1504212670 
901157396 
810800351 
1621461943 
163503266 
562984838 
1226454173 
2140806731 
795420852 
2051148034 
1710691981 
1826087862 
806457298 
1434133201 
1664583939 
1553515998 
1628532311 
271428884 
1626471873 
1683200258 
979193316 
963315143 
1013063478 
1016194674 
1452500437 
808103029 
618869415 
193202571 
1170075467 
1207988557 
674043135 
25154455 
1027737292 
1006108548 
959398704 
1794437291 
318726364 
1468555678 
1238744708 
81991855 
2011691067 
1205536273 
649104225 
246387401 
1322220426 
1021923565 
1179202287 
1229521299 
46530724 
1154003916 
760913949 
1689799210 
180651453 
98135523 
1247054858 
720638553 
198879002 
1634540155 
380171959 
1522719106 
1896121287 
1300644357 
1300299003 
2137689882 
521987984 
742961487 
1844327810 
167405442 
870253770 
1919479961 
329396786 
1919950701 
1148346548 
2123637097 
682115875 
1111760241 
1811568918 
173058980 
982725176 
947756015 
1748835633 
1794613354 
1142148194 
1213993355 
81598170 
677103892 
564868322 
864038653 
610602501 
1983183523 
829395378 
2073980090 
1468826020 
950667042 
1335860267 
1900160152 
647788390 
1709072182 
346775475 
1504025059 
1300156692 
258673572 
1211721642 
1819742211 
1208743262 
581617994 
1349984116 
65848275 
1340895924 
541982384 
2076320106 
896880779 
338778373 
1390314007 
730000666 
193394066 
506215142 
1801801177 
1216176281 
1611364774 
822833934 
1558556786 
1138269517 
1111611292 
1806370898 
63908348 
619680857 
1960031553 
1695214620 
324746014 
318802820 
1629635411 
512140605 
818097730 
503305889 
1887756778 
1911328503 
1079667717 
1853224215 
1885060255 
856469960 
1682625505 
1274547453 
402911554 
196797611 
1167639339 
805406369 
593318031 
1600657904 
344449734 
1319869086 
