919
737
325
952
466
558
304
64
856
98
228
672
667
896
461
234
425
80
368
307
438
196
604
416
660
835
479
174
54
102
675
115
485
442
628
913
387
308
826
749
961
355
15
75
147
850
923
229
140
758
300
860
274
987
639
827
978
922
117
709
624
636
884
618
541
286
311
994
470
322
1005
246
319
63
947
584
487
316
771
741
95
452
414
1011
56
985
324
864
153
577
789
767
100
429
870
473
277
84
238
118
493
404
844
375
680
535
633
534
386
189
932
981
966
518
837
928
542
338
439
172
331
482
954
226
467
305
545
412
600
718
726
247
146
529
836
979
22
218
782
402
258
571
342
192
627
530
79
790
295
30
166
219
762
488
817
867
868
205
323
950
940
894
394
668
630
281
744
224
613
55
1004
996
106
158
772
262
707
474
816
642
9
329
681
273
811
693
907
72
750
757
362
562
76
595
96
818
956
321
363
251
126
1023
964
59
597
209
280
561
197
47
500
23
567
751
185
546
616
980
669
703
634
151
37
945
866
830
927
435
953
421
522
720
813
69
162
356
377
549
805
261
568
815
312
563
513
983
676
269
872
444
88
129
267
169
714
728
993
519
971
673
413
937
138
699
553
350
892
708
67
77
171
933
648
1017
271
298
715
712
786
704
149
973
105
89
711
520
208
910
944
8
977
921
111
678
484
278
14
152
41
839
694
496
428
150
382
781
877
854
589
125
1014
384
443
370
178
486
122
729
480
249
725
891
574
490
1009
34
255
752
742
645
272
779
361
417
825
612
236
632
99
352
798
265
657
433
988
284
610
168
24
939
2
78
588
733
747
366
199
991
313
135
1010
175
800
674
359
400
831
949
724
212
696
346
838
282
682
28
177
508
332
167
244
942
27
916
154
719
531
857
647
777
440
1015
557
420
137
134
775
123
225
649
969
1
975
133
548
289
33
145
791
120
385
161
436
38
303
690
685
614
504
475
970
343
288
198
536
603
769
930
124
279
865
495
734
851
477
494
239
833
540
447
283
962
532
525
607
221
184
700
407
61
514
403
986
213
651
119
46
317
302
509
259
565
358
367
823
222
810
883
886
959
217
555
723
759
731
794
776
378
182
18
364
958
43
755
766
717
598
697
395
683
843
689
774
285
3
430
820
86
592
713
803
11
863
373
230
948
29
721
462
114
710
764
998
638
379
242
85
132
784
460
585
180
909
679
1008
760
16
611
559
392
164
32
201
521
163
50
765
318
245
348
193
946
605
754
869
802
871
773
635
492
13
1003
812
144
566
590
48
354
904
333
237
142
658
631
984
207
832
391
187
957
539
215
573
200
951
847
398
560
888
360
410
716
955
902
841
738
740
617
301
887
194
544
143
465
644
874
472
934
454
809
336
706
626
297
756
920
459
785
422
299
81
862
695
537
911
572
90
653
188
550
912
768
451
859
662
569
157
793
989
510
625
476
468
432
960
353
578
1012
39
498
214
735
62
424
801
253
419
233
104
112
93
828
310
52
538
637
666
347
401
999
517
965
900
241
165
17
270
570
418
770
464
606
792
1020
128
727
337
296
266
10
489
148
449
646
846
339
40
586
861
183
103
515
698
908
426
483
87
788
906
478
458
173
101
807
35
320
139
914
203
397
824
822
503
65
797
615
829
1022
543
591
335
275
457
341
663
53
130
82
967
748
141
602
787
576
905
206
705
670
897
516
97
372
113
121
943
345
875
941
501
235
848
369
551
380
287
665
7
917
929
463
528
852
976
918
855
415
730
594
243
292
108
780
502
155
12
526
601
131
44
351
579
309
903
481
455
20
374
330
583
582
505
819
191
376
357
471
882
814
252
691
6
885
45
623
795
587
652
834
49
260
340
889
931
290
990
899
220
210
880
327
136
268
73
83
671
997
334
778
968
564
664
314
195
840
799
446
257
107
746
5
381
159
783
893
170
743
650
223
686
992
552
60
469
643
1018
890
641
315
70
211
491
821
506
256
806
349
661
722
524
248
179
176
512
692
556
763
655
622
621
736
499
1001
701
879
842
547
326
1013
1000
619
654
91
599
365
36
423
732
497
434
580
190
527
448
1007
963
294
608
926
68
371
876
291
596
609
92
71
1021
507
231
995
972
796
575
109
753
293
677
110
656
181
684
389
216
1006
240
593
344
58
306
19
523
388
895
383
409
935
878
42
406
411
456
453
849
160
554
405
804
427
202
688
441
390
901
127
687
393
450
431
853
858
581
925
250
399
533
264
204
437
1016
21
739
116
4
808
263
186
702
232
254
974
936
629
745
620
31
881
408
227
396
25
74
328
659
1002
51
276
640
445
26
156
938
94
66
761
873
511
57
898
845
915
924
1019
982