844
862
1351
283
993
1580
1312
921
1872
857
839
1008
1690
401
317
71
637
859
1376
1330
479
488
1624
350
867
67
1502
365
1076
654
1698
1138
1511
131
669
1939
1410
783
1853
1775
1987
1378
1038
426
166
316
1946
1255
427
1780
782
741
388
436
1662
1850
665
609
545
1735
1632
1656
1913
1645
4
1308
1334
2021
506
274
2031
1268
1342
414
1970
1617
1510
154
1794
737
858
779
830
157
1072
2011
1353
1856
1179
544
1815
368
43
547
212
1499
1303
541
834
1140
1519
1433
532
1025
2
1558
85
308
1413
343
70
2007
1988
1540
1863
1985
850
1365
898
959
1354
696
562
1253
1490
440
602
1432
457
924
971
1270
781
1555
1865
810
1044
648
829
148
56
1594
370
1152
221
1557
1102
851
1318
13
673
1005
1789
1521
1843
1890
1012
1231
517
1972
285
1916
177
1688
705
1307
1777
1216
1639
183
364
2025
1133
91
179
965
749
176
949
1669
1035
560
1707
409
269
715
1930
1105
564
1783
234
1589
1096
360
498
1845
1976
1347
1386
1274
1148
662
1993
1082
524
1235
206
539
1223
152
24
849
230
1774
962
1573
1649
2009
956
127
1661
652
1063
1971
1893
417
1950
1458
1979
1447
1549
1761
293
1095
1189
1385
1403
1575
100
1287
1584
375
455
1586
1539
331
275
912
641
118
9
1155
1290
1195
197
846
567
1542
1994
764
593
1963
267
369
698
1372
1912
437
358
59
719
1959
1681
1006
808
475
990
313
1813
522
994
1999
753
1115
1734
883
254
770
48
888
2003
1947
1134
22
920
270
986
589
1067
1862
795
1504
1448
62
597
831
1903
1876
1615
748
744
1280
1466
406
1205
518
444
1755
290
776
23
1914
1596
731
448
44
402
332
1764
1671
1313
1802
761
1443
1851
1641
1256
226
694
1344
227
1291
1683
79
380
895
8
1201
615
88
577
603
411
222
1770
947
294
2014
1339
252
2037
1198
765
335
89
185
575
815
1753
1241
422
1373
128
114
433
173
1203
1528
555
1190
255
743
687
77
1181
1742
1554
1883
218
551
1456
2038
121
1449
1163
1156
1798
1146
1251
574
228
1027
1998
491
1577
1017
266
1171
614
45
1411
780
439
978
1326
1717
1711
1636
115
1498
590
660
806
918
1552
932
1795
1957
868
720
611
1518
1756
465
1503
738
663
78
1560
591
619
1989
1561
328
1630
549
1200
1720
1430
1087
1541
1426
296
349
396
1142
1068
913
1324
1535
1
1591
86
563
948
1244
841
1906
925
936
1243
1578
1746
1782
970
509
1809
1405
1204
1045
1384
1980
264
1778
249
626
565
1723
581
1706
1866
379
1796
880
213
582
1849
692
394
604
1826
587
1886
710
211
1000
1055
1747
471
822
1732
1784
968
1660
1402
520
907
1161
1825
1002
504
1209
1935
329
241
1776
61
1634
1582
911
410
1089
1227
972
1186
1077
1791
1340
258
1368
1219
1973
412
941
125
327
1894
1799
713
1512
1039
884
497
1010
1588
1612
461
237
1937
703
1263
1164
1685
1654
2000
1230
1921
1414
1210
750
1562
1238
149
397
1974
842
742
1568
796
1393
1437
1736
1978
1924
354
722
1769
531
889
1910
1221
1601
951
1491
735
933
605
1956
1476
1835
653
1733
5
494
507
1936
840
253
1444
1322
405
651
441
690
32
1592
914
263
1208
1572
1953
438
680
1882
225
1004
1183
618
385
802
843
1496
303
14
1920
1379
1605
2041
1062
420
1236
1758
231
627
1827
893
579
803
178
559
1119
1848
447
601
425
630
1693
699
1427
2022
1543
159
54
205
1191
584
400
1597
1445
791
1505
1628
1808
2040
1281
7
1363
1329
233
298
389
38
1475
833
752
1362
1073
187
540
310
1126
1538
1725
1928
72
1506
852
1817
1933
1500
863
946
98
3
1058
122
1162
1941
1226
1423
1840
1844
1526
292
1823
1007
1855
2044
1566
1614
184
28
1483
1367
787
442
954
772
1990
1768
944
945
1810
684
243
1228
73
981
607
82
1123
347
1139
966
106
826
1898
1967
1527
299
1889
875
240
1400
901
1691
534
508
1955
1486
309
1881
2017
1940
1878
1438
1757
238
64
1321
1128
1800
392
134
12
953
1627
1154
727
1374
1602
169
460
1507
724
668
223
1357
1606
1604
307
828
1214
974
1383
939
1909
1836
747
1714
1028
892
1071
278
1818
192
466
1861
1075
458
362
1915
68
1317
140
995
66
736
143
514
449
729
454
1106
1694
476
1356
600
109
284
1680
165
1218
90
1822
102
1283
1130
1773
1031
1407
1182
1806
352
1197
1766
1677
338
1708
239
144
1080
543
1666
798
1018
757
319
837
821
1514
1847
613
667
1828
1375
1687
261
1544
180
1202
186
351
1721
147
1786
1678
1644
418
1728
337
2027
1727
1902
1869
1570
1348
1015
2033
1642
1676
775
1622
1391
887
297
610
1523
672
1609
1212
1550
1013
145
980
1316
1600
1948
1097
1394
1896
1314
1625
585
470
768
2047
683
1254
820
505
477
634
900
277
429
1703
1132
909
1207
1704
617
1232
33
1248
1619
1360
983
1333
649
1546
1417
1918
481
1435
629
1900
864
1428
47
161
451
35
1217
75
702
1833
1450
273
158
891
6
759
1150
1710
1020
558
489
1879
885
964
1951
550
730
1559
596
1224
1463
2032
1047
1762
523
423
1841
1286
709
1724
105
1276
1996
153
1655
1771
1640
413
1907
1424
1250
472
1051
247
1361
1682
2029
1074
407
1793
1471
1053
1176
15
1116
1093
1787
872
1534
1083
474
1871
1938
1944
2042
985
1398
1482
823
1571
688
113
570
1576
1419
245
1760
992
1917
155
510
11
1961
314
116
873
1425
1408
1977
445
2043
486
1242
1480
763
1192
19
1099
492
1328
661
1922
1493
189
916
1381
84
132
182
1036
1320
2004
996
1651
315
1692
1060
1525
1633
2020
1547
1392
1041
1726
960
1748
1121
1607
861
1531
675
1211
1112
46
150
208
1052
74
721
784
832
1157
1663
424
130
1091
583
1824
137
1388
1629
1982
1530
311
200
469
1701
383
623
1626
881
366
381
1034
1895
1081
1295
462
172
1923
421
1908
860
142
120
638
1220
51
2008
1117
1945
1343
512
1440
897
1011
1697
353
330
1177
1135
1904
708
1310
1462
1603
1085
1479
1069
789
95
1911
1165
1304
1279
1984
1467
378
594
1487
1065
210
1369
1553
1332
1899
811
1522
1877
1429
773
1395
1185
496
65
304
188
1127
110
813
41
1650
372
640
1485
224
1118
659
1125
1110
281
685
588
1564
55
1046
904
1942
771
1744
1337
1870
982
50
1048
1740
1257
93
691
2002
774
938
1593
168
63
1436
853
530
1371
856
797
2018
961
935
686
553
344
1821
94
1442
1696
452
374
835
1136
1325
174
1345
1149
973
625
645
723
874
1981
633
2045
1807
1837
678
1716
1737
725
766
1797
919
37
1686
1927
1275
624
326
845
288
728
580
30
1109
1668
119
1001
655
535
2005
342
58
1237
16
1166
1699
794
162
199
467
760
1387
484
554
598
1667
1975
809
1131
2036
1151
207
318
377
1422
707
487
1193
1420
1964
650
1516
1665
628
1302
1355
647
1278
1673
501
746
1517
1288
135
910
17
1718
1765
1103
126
1222
807
1100
1194
280
827
1719
592
1779
1399
482
1213
1129
1272
204
1461
1754
1509
1838
1431
1359
1874
1579
170
463
536
260
348
1563
693
10
1715
1474
739
989
20
1811
286
940
251
1057
1282
214
658
190
1284
704
321
1983
480
1346
542
250
1323
1537
483
1366
2046
1262
282
606
621
2039
1245
1174
1124
248
1377
415
1884
384
1285
929
1832
1259
87
1864
1905
430
36
1187
81
879
1401
1037
928
203
1620
160
1767
955
969
1958
432
259
1532
871
1852
1196
167
519
1819
1306
1415
133
139
1040
1533
745
1891
1949
1658
434
395
1022
926
1488
896
718
646
367
785
1009
1404
2026
490
526
1043
799
1997
1470
1168
1273
136
399
1481
1452
1003
1418
1090
408
1029
899
778
855
1358
1675
1854
346
244
527
1352
398
557
2019
635
792
1390
908
838
80
1477
202
1489
191
569
1695
1689
1277
1803
1247
976
320
521
101
97
287
1647
999
1113
751
1587
1341
643
854
847
1086
1804
1643
1453
1269
1623
215
1515
1968
1664
1145
1143
198
1508
631
21
1350
825
500
1229
1042
219
1049
942
1611
403
1315
1180
817
1492
1785
1992
305
656
1030
1729
1088
1814
732
1225
1495
573
1875
571
1032
1159
478
92
1638
1752
57
513
767
382
49
1416
2023
870
103
1816
695
755
1750
1296
963
1484
1781
339
1637
674
1421
1926
446
616
1056
1289
786
1616
754
333
997
291
568
957
1169
788
1743
538
716
1513
232
1595
1079
865
416
2010
1536
1465
793
679
1548
1709
435
515
1059
1300
1319
1098
229
1565
124
1712
1033
1986
671
175
620
312
812
1631
111
217
1054
740
1608
129
1298
1397
1305
1107
734
1943
209
271
1674
1772
1635
943
302
1739
1887
1301
1451
1239
493
886
1805
1021
546
1919
325
1446
341
1406
1494
340
1327
556
1730
363
922
700
336
1364
1184
1722
1618
2024
1094
1297
622
882
1991
670
1267
578
1172
246
146
1292
664
1501
2013
869
201
1024
391
681
984
657
1901
216
528
123
1246
324
878
60
1023
711
800
998
1111
2006
1702
1672
987
181
1790
194
836
1581
1173
26
301
163
485
1338
386
345
726
1745
151
1206
464
1019
262
967
1070
819
450
977
1497
69
639
1258
376
950
164
1952
1839
1472
958
1960
1801
1741
632
1104
393
289
1175
608
276
503
1646
697
903
1349
1705
256
1066
979
431
1524
1834
576
894
2016
419
1120
1679
1749
1271
1457
975
357
1610
1147
1574
1932
1158
1249
586
300
612
666
242
733
1860
1101
27
1788
1931
265
934
268
1621
890
988
104
931
1293
1995
1590
1084
52
1648
29
1684
1167
1763
902
42
279
714
322
2035
1880
1892
387
1439
1026
1885
1252
1792
1233
1652
468
906
356
306
1598
1473
83
295
1857
848
758
18
572
220
373
193
923
701
1670
1455
371
1613
1441
1264
76
1078
1829
1137
272
456
1731
552
756
1122
31
1370
1299
1335
712
1170
1545
537
769
636
566
1585
334
1064
777
443
2034
1336
1569
1969
877
390
1556
1599
1867
1016
2030
930
2012
1925
1888
1478
1215
499
1199
1178
991
141
1657
1846
99
171
1266
1460
790
1153
236
905
805
235
40
917
1583
599
804
1114
1659
1309
1520
25
1389
1409
548
533
2001
1966
866
1265
1831
1468
96
138
107
1469
1108
689
1962
1464
642
257
1092
1873
511
195
1738
1380
1294
117
937
502
459
529
1234
1859
1459
915
818
196
824
1954
1014
1261
355
1240
1858
1454
1934
516
644
1551
359
1842
676
1188
801
1331
1160
1929
1812
1830
428
1311
1144
108
1061
1141
1434
876
1759
706
717
525
453
595
34
816
677
2028
1868
1529
404
814
323
1820
1396
495
2015
1050
1700
1751
361
1382
927
156
762
39
561
1965
952
1260
1897
682
1567
1412
473
1653
1713
53
112