913
2908
509
1002
1698
3624
3393
345
3937
186
221
3040
3741
862
2367
765
2687
2906
3392
1127
2526
1328
3664
1780
2914
2114
944
2415
3129
1081
930
3189
3558
1847
979
429
356
2830
1045
653
4034
3429
824
338
823
962
3997
3302
199
3833
2828
2791
1815
433
3708
3901
2715
2659
1631
505
3648
3696
3963
372
2057
3352
3380
4071
2557
2325
4078
3321
3388
2460
1384
3667
3556
2205
3845
2787
2909
2826
2876
1370
1200
4058
1036
1104
1834
1342
1892
2400
1432
77
2265
3546
2006
1823
1468
3193
3566
1950
629
3075
2053
963
2135
40
3463
31
2116
4054
4041
3593
28
4035
717
3415
93
3006
3405
2736
270
3303
1465
50
2653
701
1109
739
1989
3316
2036
693
1119
2861
3097
2705
1981
2201
416
1020
92
3329
2271
326
8
2898
158
2063
245
1512
1484
3571
1251
3941
19
1881
2567
593
2335
3960
2227
734
2755
3354
3827
3200
3686
1223
1951
1886
1790
367
2226
1315
1585
2208
1857
3719
1156
1100
3754
1571
628
2762
3981
3155
1141
206
2285
216
1157
265
564
1932
4016
3394
3437
635
3192
2004
4043
541
1319
3282
2252
2586
408
557
79
2899
2276
3820
3013
99
3699
4059
3000
2174
1616
2696
3110
4018
1726
2467
569
822
185
3494
1944
3811
1906
3142
3239
1024
3450
3622
2153
456
3616
1080
1065
121
3586
2378
1243
756
978
334
2059
3202
3341
188
1198
2892
2614
3588
1623
2808
1799
1097
806
732
2749
3416
1533
2487
310
2106
23
4006
3731
3052
236
2522
1545
1612
80
1674
3045
1193
1398
3162
3780
2930
2300
991
1199
666
1012
276
3180
1123
859
2316
3037
1938
3114
3908
1331
1879
3505
2108
2647
209
518
227
2042
2022
935
3585
48
2452
1844
2564
2488
1386
2341
1786
2070
325
3640
2778
478
1349
210
1107
702
3718
3363
3853
2811
1110
3898
3691
877
2277
2740
1481
1301
499
648
74
1197
2942
692
1904
2662
2128
1764
1431
484
866
1068
1044
1340
292
86
735
376
1230
2815
70
2139
482
39
1203
3803
3291
2468
3423
1668
1248
258
2223
3250
3568
1244
1641
982
2790
683
2127
3231
3788
3605
3930
2269
1518
3488
4084
2171
1788
3210
3209
3844
3197
1476
725
2281
641
4044
949
1876
652
173
3218
2001
2095
1561
1358
1588
3029
1802
3767
848
81
2162
905
1620
1675
1785
689
1771
805
1191
4007
531
103
729
3564
3800
2515
3550
163
2710
1806
3600
2638
2666
1371
3611
2385
793
1103
1143
3760
3476
1293
3591
1111
1299
1693
2440
3188
3112
2963
727
543
2051
1779
2132
2610
3001
1454
1714
1731
2975
2993
3290
3629
3797
3828
1791
2559
3859
1574
196
3095
1438
1896
883
3829
501
2677
1979
3770
2631
1078
3917
2426
642
2912
2263
2628
794
2745
2445
243
1863
1814
1816
2756
1817
252
118
3794
1697
1519
230
3824
3025
615
826
2577
2954
3211
3875
3053
437
3259
3982
1532
1987
1873
442
3685
599
551
2461
277
3274
3016
3237
96
1239
3384
2309
1690
1954
4023
1959
115
2175
2374
3940
3846
2763
1382
894
542
2547
3061
3641
604
2511
1611
1206
2750
1706
3208
3735
1207
1493
3276
617
1284
3261
1541
34
3284
2199
2447
25
1256
2788
865
2840
643
3487
837
4029
2027
2405
2773
1794
2578
1075
3956
1313
1330
94
3538
349
1647
992
4009
1411
3882
2703
533
29
1030
2554
1543
507
2303
348
3373
933
984
616
2741
1985
3632
2965
767
1421
237
2024
698
336
1086
358
3048
990
993
1173
2853
1241
2009
2350
2060
1034
3426
3655
4091
1467
2473
3289
3804
457
420
1622
1375
1564
1827
2229
2606
1407
746
2494
1898
2475
2676
3743
553
3474
4068
1492
1810
1713
2255
3238
399
1163
1592
1914
2838
3555
3672
1462
516
1715
2054
3410
1346
2283
1660
228
1217
3522
892
2784
3413
203
2234
2584
1744
3172
3589
3775
1357
1567
45
2905
3867
3983
3544
2910
106
1436
907
712
1470
3213
3991
1775
1351
2029
3897
1765
1688
1719
3054
2007
4088
3612
3660
764
849
3530
1196
2834
1506
303
2825
4036
3825
1608
2995
1265
814
279
3272
2123
1071
925
2133
3170
2394
1007
834
2157
2877
3949
4014
3574
2040
246
250
2272
194
2951
3738
514
148
4002
1910
1186
2000
4067
3993
3924
269
3807
1474
314
1395
1098
3857
700
162
224
3003
3674
3205
1645
3420
1084
1170
1915
1125
2777
2712
2270
1326
123
1803
2354
2872
1238
3020
441
1061
1885
3880
2794
197
1664
625
1542
2324
3869
2176
1218
1503
455
2509
733
3962
2121
3367
2184
3042
474
2752
434
1035
2499
2779
2500
337
1686
328
3400
1039
2159
2328
3745
52
1037
2141
3868
1732
1322
3181
3823
3078
3454
1183
3852
453
3247
3812
748
1942
1279
2047
773
1350
2590
3717
1341
1746
2807
2366
2887
1652
1901
1412
2663
2714
931
1763
3734
2311
3601
1128
1968
2237
2398
3771
2194
1905
3724
1166
1354
3712
136
4074
3774
3948
3919
3621
232
851
4083
139
396
114
3668
3438
2934
2347
2661
3570
2753
352
1392
3596
3063
2195
566
3369
3713
1424
804
3445
3953
3365
740
1426
2516
1573
1287
2730
1142
1753
309
2527
2685
2953
2327
2479
298
3176
463
1182
3761
1294
69
2083
3264
3666
1566
1997
3383
596
3597
3467
3964
966
3482
1479
1928
280
3481
890
2211
863
2082
3267
2122
468
3883
3501
2323
2204
1515
290
1466
54
1108
3064
2604
1805
3926
2935
1909
3998
2596
969
3606
2649
3281
3510
1998
3094
3813
1627
1308
3891
138
677
1691
10
3320
4040
2203
3702
3818
771
540
3954
357
3301
2512
3098
1276
425
3733
4079
985
1060
3843
332
1589
3216
2062
3160
3143
784
2929
3580
1842
324
1736
3989
3984
263
3035
3444
443
18
3618
1538
2163
521
481
1864
1773
3776
3008
1073
451
1159
1449
1396
2365
459
1410
1485
423
4027
1378
1095
2532
3293
1502
2810
1511
559
1560
2536
3360
2711
56
3543
2239
2969
3431
2137
2185
2228
1807
3377
1832
1841
3698
268
3736
301
3575
1232
4073
3594
3424
3091
1936
2944
3801
3171
3654
1049
1789
294
830
546
1499
2196
2273
1268
432
737
2849
2945
936
1523
1883
2181
3138
1681
3905
2187
3432
3679
4028
3581
2358
668
2519
3751
595
2670
1116
2931
2412
766
82
815
567
387
1309
1237
1076
1619
3961
893
506
1601
1427
3273
997
4048
3167
488
3390
1254
3521
2947
3058
3747
2403
2381
647
21
3936
340
688
586
1227
1228
3526
3119
2839
2142
1820
3215
1014
3326
1487
3514
2429
1050
1475
302
912
1583
3603
3385
3946
2858
3573
3927
3479
1941
3442
3235
1054
2034
405
1680
3174
315
1604
656
3701
1856
2817
3535
1961
3164
143
3175
1894
1853
911
873
3608
207
3092
2961
3988
1286
3809
3387
755
3028
2101
3088
697
3307
44
61
4053
2820
2989
1665
1855
494
1528
2903
1913
636
808
829
4069
3011
287
2732
973
2384
422
2140
3493
1599
2505
2420
2882
3168
1136
137
3395
3199
49
1787
2695
1266
2925
4031
889
1525
3854
3887
1530
3769
3787
444
2812
244
2018
2087
1778
3974
3322
1632
2372
1552
762
2768
744
2076
1091
3721
1304
3051
1085
1451
4055
2388
2109
502
613
1303
3746
2845
2213
777
2514
663
1130
2537
2605
1162
3714
1835
1325
1333
4089
792
2254
1761
1088
1768
1408
2534
3243
3464
4008
2701
3560
3715
2681
1610
1634
201
3324
293
2551
950
2020
3345
2182
1594
1463
308
3815
667
366
3268
264
3144
3245
741
1139
32
2657
3826
3446
847
3263
1320
3312
1273
855
146
703
248
3478
3406
3925
3626
486
1993
2576
2313
2392
1935
2743
2061
1258
3525
1556
3039
151
1537
2332
2984
1296
3107
267
2260
2709
2236
3337
2688
2371
4030
853
3397
2588
2301
3370
3587
2530
1966
1819
164
2333
1347
2671
220
3295
1051
903
603
1048
2462
3928
466
3335
2979
3889
1960
2134
939
3955
7
1005
3234
2131
2926
1699
532
1356
2250
3673
2241
3814
1526
3019
4004
175
1678
211
1324
58
3240
1348
1752
1593
3357
3462
810
2186
1923
1249
2795
3938
3999
100
2485
2442
788
2972
3553
2816
1490
583
708
409
343
1129
1240
2541
2572
3090
2846
4047
1747
3233
585
2193
2446
3531
3496
3050
846
3141
1743
800
1801
461
2902
3404
787
1181
1770
2297
360
1670
2444
1360
1274
2682
1190
1416
1939
769
2145
1818
781
510
2238
37
631
3739
994
1748
3294
3041
2433
255
2151
817
2334
1684
1428
346
554
3634
3391
1514
363
2894
3132
1535
1029
3503
3319
1548
2262
17
887
3841
1261
440
1500
3561
2678
2071
1215
2875
1661
1374
1696
513
3099
2988
3658
295
3362
528
464
3545
904
1740
2355
843
3076
831
3201
1399
116
1118
3542
1345
3922
2618
3089
3206
2524
2136
3684
3792
614
154
938
517
2099
3473
4070
1312
2150
3856
2742
2802
835
3361
1339
3528
715
2386
11
1443
1154
3972
341
187
915
1201
1550
3681
1126
2383
3047
2338
368
3007
3219
561
916
479
1846
1269
2033
3642
1365
2915
2497
4061
3072
3515
946
1013
3592
860
2482
2562
3106
238
2019
1565
791
3615
1618
3744
3083
1767
1667
811
745
2352
601
3678
2158
856
3100
1072
3665
2179
3349
419
552
3154
390
412
2259
627
72
3816
1861
2990
751
3786
1234
3351
1229
3286
1259
128
1869
749
2597
3966
1912
1756
2391
1164
3540
2393
401
545
3781
26
2973
2744
2401
954
1417
3773
3669
608
165
3347
2668
1363
4038
2716
288
620
602
2292
389
112
51
3551
4063
38
2251
2048
2438
972
36
251
1727
15
2593
1520
3292
2377
2924
2104
3070
353
2881
3044
675
4052
1891
3729
3034
2231
76
2245
2889
354
1650
2077
2351
127
2535
2
2437
1455
549
485
2198
181
2529
3066
2308
3014
1373
1153
1625
3027
3547
2119
286
3309
857
87
46
381
3886
465
3004
4017
910
577
2672
3169
723
2339
1843
1041
219
2550
3692
2747
2950
3399
3755
2561
1769
3026
2478
1336
3885
1052
2940
192
2466
579
403
113
469
168
581
274
1783
1890
1115
12
3204
3299
1577
706
2665
1224
2293
1517
1522
719
686
3832
3978
758
2980
2312
496
2941
750
2161
2978
3343
1146
3636
638
2105
565
319
3737
1057
940
483
2093
2326
2765
2373
1404
3920
1613
2434
3486
3077
3935
3305
3584
1300
3705
2521
1187
428
1165
1579
3523
2130
2342
3907
1682
2804
126
1754
2264
2014
2243
611
2751
3716
3502
1596
571
3491
3296
2120
3124
1401
3187
850
2513
3778
2609
2809
3173
2078
3421
3346
1393
2769
3221
1897
2587
2819
885
1809
951
1955
3121
418
2490
4085
3376
1711
2030
333
2436
1101
3646
3914
2049
4076
526
575
3975
3904
2041
2023
2546
1056
3229
3038
2191
3707
3892
124
157
3317
3513
2836
3203
609
2955
313
1745
2097
2967
3630
1194
1477
3165
3706
660
3552
1931
658
659
2601
2583
4051
4012
2917
1377
3878
1587
1673
1155
2154
3519
3161
2739
736
480
964
1271
1586
3923
1144
2242
3789
3433
3340
2167
2987
2548
2506
882
896
111
1482
2962
584
2249
1826
4005
1582
3311
1169
3280
71
3500
996
1742
2697
3598
1581
803
1077
3241
1633
1828
780
1226
720
3876
2472
200
3184
844
1636
171
1653
2920
3806
1644
664
2575
2503
1361
2085
450
597
330
679
3579
1607
2860
2370
3864
3449
1851
4062
64
3753
3798
898
1148
2974
961
2813
2086
1595
1983
743
1369
497
2733
3614
3465
1992
3703
2012
2103
2144
3056
1278
3725
1988
3650
3460
2035
65
1718
1406
3401
760
2635
880
1990
3524
2831
3957
3808
3140
2115
3258
2289
1578
160
1420
1978
1379
2767
1669
1402
1804
2792
3262
4065
2966
1703
840
3931
1433
407
901
1539
2240
1211
1882
105
2708
1222
3902
1638
3576
3795
2660
1591
1216
1553
1017
3030
2539
3757
190
1848
2976
3402
75
2717
2291
2113
371
3253
282
3126
383
1172
2879
3133
1067
33
2407
3866
2295
2037
1980
774
2943
3306
1233
1495
684
1946
1729
1066
462
3509
4032
417
144
598
239
225
392
3599
3483
1113
2408
1000
2481
2964
1006
3254
2389
2735
1501
2639
1808
3417
761
3895
3325
3610
3012
3378
2075
3223
1568
1022
2304
1011
3563
1168
633
131
2748
374
102
2152
1677
2796
2927
3495
2504
2581
2096
3532
2282
637
2343
3246
3837
4024
942
587
2484
431
2651
1666
3595
3862
548
1497
802
3194
1555
378
522
1917
1974
4075
2232
1576
2470
1965
3278
3627
838
3520
1283
215
718
2039
3466
3836
1262
2582
335
1448
707
2380
1447
3073
590
971
3996
3135
1580
3758
3024
2164
2729
3562
2225
2331
1725
2542
662
558
1310
651
1870
147
1603
3049
4057
2413
2003
3071
2126
1721
4022
852
1930
1920
4013
1368
2864
1069
2992
2952
477
1138
3506
140
297
3527
4092
2258
2216
2634
2441
3198
2206
3411
53
1925
3567
1759
572
1994
3372
3657
2946
2244
2275
1590
1921
3819
205
3944
681
2359
4093
3752
3512
3499
3183
1996
344
2833
2675
448
90
1483
3661
2821
3732
3638
2760
3468
445
1306
759
1975
1833
3617
1899
1383
312
4037
3572
3849
1679
2364
1246
1209
1704
3645
812
2458
2015
2340
1643
3850
1033
3727
2918
3069
1419
1204
3918
1437
724
458
4033
1353
3146
172
1192
2897
3942
3151
3279
2038
4011
125
2074
3973
2890
3943
3951
2568
3873
813
439
2045
2346
618
1751
1609
798
289
322
130
578
2010
3582
3310
1949
3359
709
2771
404
1874
3043
770
1429
1887
2345
3332
1750
929
2399
1409
1551
1720
3694
1175
1263
2089
145
3249
452
2569
685
141
3422
3447
1598
2713
1297
2305
3409
2302
988
3117
529
3643
3831
2656
3102
2528
2349
169
2315
2553
193
284
525
2871
1724
351
492
1929
902
2287
1824
2757
435
1423
2774
2806
2873
3236
9
4086
3912
3459
634
2923
2851
3711
1948
2002
380
2595
3791
454
364
2501
2636
580
4045
2247
2168
3
623
1394
1971
2956
524
3945
3348
1649
60
2863
1456
754
382
2336
3222
2160
3620
2379
3647
2418
1659
1516
1849
828
2611
231
2486
1444
1387
556
3145
1784
2799
3959
2999
174
3419
2406
1275
400
2637
2997
3455
3060
2560
924
2459
208
2895
438
1435
3425
88
1220
934
2620
3458
2786
1457
1235
3081
2968
3748
4064
1766
1414
2837
107
2759
1151
1390
3036
1225
941
4001
1919
1344
2616
3858
5
1285
3330
2491
2170
109
1584
1852
797
3952
234
3723
3336
3992
3002
2824
4095
3913
920
242
3055
3777
2598
2868
2783
489
1999
520
908
22
1683
1830
1442
1302
1252
3687
62
1796
3537
547
410
3602
2092
538
1976
1730
3412
1355
402
3451
2026
108
3839
1854
3968
375
1822
3583
3457
3298
2457
544
2857
550
3534
1028
2754
2052
2424
2885
2173
285
2579
1642
999
3541
1321
1722
2067
1777
827
977
2414
2706
2684
261
2395
3842
3314
1871
1926
2643
4080
2854
655
864
928
2691
339
473
191
3441
2261
4049
3759
2626
1242
876
782
2650
133
1074
1147
1739
776
4019
2149
2983
1202
3728
3516
424
742
3670
1692
117
2008
391
3408
2720
3911
3256
3749
4082
562
257
574
1231
2288
563
900
2803
3860
1671
2043
3371
3382
4021
1359
2268
1453
3683
786
2523
3032
3022
3569
2627
3364
85
3872
1180
2607
1626
316
1494
156
3116
2207
1430
1184
2369
1329
3817
95
1700
2933
2642
2884
3009
1527
2348
3985
83
398
1290
1102
3120
3470
2088
3379
2652
1178
2916
2545
3577
63
592
2644
2844
1446
3010
2284
1877
1893
2520
3178
3651
240
3139
3179
1749
3407
2862
1114
1472
2556
1712
2764
960
1850
1281
2913
421
3271
2298
695
2011
470
1967
1952
4072
3109
2147
1120
413
384
591
3448
2353
260
321
588
2667
377
67
2949
2900
3153
622
1158
4094
1440
2422
1171
2448
2971
329
2165
3933
1135
624
3435
606
2580
397
4003
320
3096
807
2307
1922
189
3328
3861
2893
730
2368
476
167
3762
2543
3631
149
1862
1021
943
1405
3890
1782
1389
4077
2602
2356
4
1629
1635
2322
1654
500
676
89
687
1895
3590
3471
1986
716
630
1083
2025
20
1509
3227
3149
1658
2230
3443
968
690
626
3304
3104
2699
1177
2738
3396
1267
153
722
2566
1911
3987
3700
2416
3248
101
3339
2148
3414
1621
2080
1055
2646
989
4046
1195
959
183
142
1728
2957
2197
414
2125
3315
1940
3228
3900
779
318
2502
4015
1956
1800
223
2219
680
2402
665
3452
3688
2585
1900
1343
795
3507
3082
177
1480
872
1964
2189
696
2427
927
674
2558
3428
1795
650
1663
104
490
3726
2994
159
3232
947
1004
1945
1236
1821
867
4020
1458
14
253
1710
1298
1813
2805
957
3554
235
2068
2707
3969
1933
3677
3275
3915
1460
84
1924
1624
871
1131
3477
2017
2734
2376
195
2679
508
2214
1676
3609
3185
3511
4010
699
1415
790
594
1529
937
1140
1907
2793
1282
3653
1264
2314
180
3906
3498
2700
3970
1995
884
1534
2032
2939
3967
259
3821
519
1797
809
3131
2615
1212
2454
3782
16
262
3137
1364
763
783
3427
2689
757
1464
426
2645
3220
281
1089
2100
3338
3903
573
983
1569
975
3403
1434
57
3269
922
2565
3283
1605
2540
619
970
273
493
3663
1884
527
3285
3136
2655
1167
134
1758
202
226
2630
2296
233
2938
4050
3344
1513
2726
2253
3740
4039
874
799
2874
350
1685
1707
2865
2278
3980
3793
3108
2098
3327
305
2669
3649
895
3977
3230
1781
1733
926
1558
974
3517
1397
1185
2299
1441
2719
3888
2517
2731
179
1257
2603
1070
3682
2781
878
2531
1311
1701
2360
132
2200
2725
1570
3084
673
1880
1288
607
66
537
1047
2552
2797
3635
645
2843
2617
3676
3207
3810
2357
2031
3118
2814
639
3159
1174
3087
388
2455
1400
918
2702
1439
1655
3548
2431
678
2654
570
3453
3840
3790
394
2775
3190
3722
1058
2888
24
1829
1473
1943
2878
600
2050
3549
785
2508
3177
2423
2411
1597
3386
523
2493
3662
2937
2883
3086
2698
241
2094
3848
881
691
176
1292
2680
504
362
2683
1289
42
2693
726
59
2330
3150
2632
2986
373
3756
2084
1547
385
475
1640
2267
1038
472
2498
2396
2066
2960
1205
2397
836
1099
2496
2337
3062
2072
359
1916
3469
2533
1562
839
365
13
3639
2573
2842
998
1112
3796
3884
3079
2138
952
1614
283
3779
2847
923
3485
1615
3879
932
2212
1836
1176
3475
1305
2896
2124
436
1735
2855
1210
2222
2850
152
1087
2776
2985
271
3893
1335
3834
1124
1272
3331
1093
891
3899
2465
945
3068
4090
2279
1221
3802
182
1962
3436
3217
1009
2959
1010
1381
256
2246
3559
2363
1208
2209
711
3697
1352
2079
3539
55
1774
2286
2224
986
2310
487
1059
3214
1793
2977
1250
3277
1656
1977
3916
2766
272
1717
1385
1388
296
1459
68
2664
327
47
1825
2320
738
1554
1702
3865
1046
2419
1418
1018
1902
704
4025
2658
1672
1628
3368
1563
3619
2443
649
1307
1859
3244
1188
2901
1008
1600
3894
987
1540
1491
2907
2344
1032
306
2257
3356
2866
1031
2044
772
3472
1903
705
491
41
1878
2166
1498
1970
1908
1947
406
1868
1117
1812
2599
778
535
1557
3260
120
1639
1549
1137
150
430
2091
536
672
621
1380
3979
2928
875
657
661
530
2800
1705
3439
122
2064
3730
78
1064
1687
3822
3287
2178
3529
3381
3196
710
2538
1762
789
3074
411
4081
2294
498
3418
1505
212
1016
1991
1934
3031
2319
1875
3742
714
555
2318
415
1504
2629
1984
2233
820
3870
2449
3971
1972
2107
3704
427
2180
331
2280
2625
2724
300
1776
644
1867
3225
1445
2856
775
3266
3628
886
3958
1027
731
2869
1133
3877
2274
3166
3508
821
3323
275
3152
2692
671
3490
1318
1245
1096
1489
539
3080
1149
4056
3768
921
1025
1858
2549
3033
1247
1332
1367
832
2841
3355
3103
307
1015
2192
2798
869
1544
166
747
135
2772
355
1376
2600
3224
1280
2463
888
1709
1253
304
3896
2998
845
3375
1106
3783
2982
2921
27
1953
955
2981
1179
2622
467
670
2621
1338
3950
3690
2428
1507
2155
2266
2623
3212
2852
3504
3671
1469
2592
1260
1969
3398
2188
1734
1062
369
965
1488
1872
3480
370
3947
3995
796
2110
3910
2430
1452
3784
2690
1757
2221
2118
1838
2235
2948
3633
2867
2451
1403
2432
1063
3932
2117
1132
2090
1888
1461
2129
97
1927
981
3456
3334
2694
2013
73
2829
1317
2169
1001
1255
3440
3122
1845
2028
2202
3909
1079
818
917
919
3689
1471
2608
2111
198
1889
2728
1425
379
2544
2190
2417
2489
3265
2409
801
3565
3986
2065
2081
1189
2674
3871
1213
3015
2827
1918
2456
3644
3270
3990
3105
311
214
2823
3557
2835
3366
342
3763
1602
1316
1145
1092
3772
3720
2021
2641
4066
1510
1214
1741
2801
2780
721
1043
3115
3342
1662
98
3659
1772
4087
1689
3851
1508
393
3430
3226
3799
3695
3251
819
1152
953
1651
534
2574
2570
2172
816
2721
2321
1291
184
3461
1798
2507
3489
178
119
30
204
995
3497
3186
129
2782
3163
3318
870
2761
247
3059
2492
2477
1524
3157
155
3518
1792
3855
958
752
2970
3021
2525
3607
249
3965
3492
1134
2832
1450
1413
2746
2425
2058
640
1277
2177
2156
1723
6
2404
2936
2555
3374
3255
3578
1839
3656
386
3005
3113
3750
3863
1617
4060
2722
2450
1531
1606
3929
728
2633
447
694
2686
899
2880
161
2016
2911
35
3191
2290
1366
612
3874
897
1860
2362
2613
2421
3484
2069
3333
1646
2112
868
217
3288
2483
1496
43
2932
1958
254
842
833
3057
654
2571
3434
2922
1121
3675
3847
3939
3680
2723
2737
222
2904
2046
1003
3353
1865
3625
906
446
2958
2439
218
512
1422
1391
291
858
2624
854
2005
2648
2435
2886
3785
2329
1760
3921
317
1546
3158
2453
879
909
3358
1521
3830
2102
1160
768
3123
460
3257
3533
2474
3765
1982
1314
3350
91
2727
2495
3242
2510
229
2770
1708
170
4026
1695
914
1023
3252
605
3125
2818
1161
3764
1575
2464
2317
2673
278
976
3308
3156
3195
1973
610
2789
1559
2591
3147
511
682
3300
841
2563
956
2183
948
213
2073
3128
3805
3130
1105
2387
1957
1811
1866
2306
1094
3693
2220
3604
3017
1019
2518
1362
1372
3710
3101
3127
1090
1694
2146
266
110
3093
1637
3652
3637
1270
1648
582
3934
2822
2991
1
4042
1323
2210
1082
632
1572
1042
3536
3709
2375
2785
1327
2248
3623
347
299
471
1334
825
1219
1738
861
2848
3838
2859
1026
2996
361
3085
2469
1122
1536
967
3067
1150
2594
1837
3018
1040
1337
2382
449
3297
1937
3134
1716
3766
980
1630
2891
2056
1755
395
568
3313
2640
2215
646
1831
2612
2480
2704
3023
2361
2143
2217
713
576
3046
589
1053
1840
2919
1657
2619
3613
3994
1478
2589
3835
495
2758
2390
2055
2410
2718
323
669
3881
753
3182
2870
3065
1486
3148
3976
4000
2256
2218
515
503
3111
1963
1737
2476
560
3389
2471
1295