405
208
507
444
305
47
498
222
348
162
396
176
153
448
67
235
115
139
363
398
373
187
94
380
150
321
489
232
410
303
161
86
243
227
118
392
175
101
315
234
416
284
109
437
240
339
409
256
186
247
48
350
344
473
125
313
467
411
366
194
120
126
374
107
26
152
511
483
95
96
490
29
316
485
433
76
90
157
257
226
495
388
20
497
386
468
395
368
182
32
274
253
61
292
359
79
272
77
71
332
250
39
334
27
172
21
116
23
291
401
422
466
455
7
322
432
31
75
156
270
9
354
443
177
365
52
16
181
92
207
215
389
106
8
326
465
145
228
271
345
397
57
335
33
113
19
408
279
273
360
281
342
251
482
296
353
358
328
293
439
430
383
4
158
119
56
236
474
98
502
494
486
481
14
262
472
193
244
312
131
68
278
164
37
297
178
393
421
239
242
306
51
367
81
100
307
446
428
324
508
13
509
454
338
82
385
320
40
54
225
252
491
53
237
269
35
108
470
154
189
123
141
211
424
355
319
413
147
436
442
11
216
298
294
394
59
318
34
290
341
60
301
403
49
254
469
166
402
364
206
174
412
352
184
203
220
464
5
457
144
62
420
195
185
36
25
382
198
258
138
64
418
140
500
330
381
201
204
275
224
111
458
286
58
197
12
415
399
440
276
456
404
165
167
97
426
427
146
407
325
183
480
121
249
246
266
362
343
74
493
503
127
230
155
142
435
449
212
376
400
210
377
63
104
488
463
15
248
231
130
159
265
148
453
308
102
69
124
506
173
287
24
136
134
478
6
99
44
110
425
414
347
78
218
233
450
460
477
282
213
499
129
304
163
259
83
317
434
214
372
188
229
327
112
171
351
496
280
1
357
65
431
117
406
285
205
17
340
133
260
72
501
42
238
492
143
261
91
370
132
452
471
461
85
38
160
114
43
277
70
417
295
66
191
476
179
170
103
105
55
459
346
221
267
28
89
128
419
462
45
336
18
223
337
302
487
504
288
30
391
429
451
22
10
93
323
441
190
384
333
3
151
475
479
137
46
84
311
149
378
219
50
264
390
309
73
299
369
375
445
135
41
209
245
217
283
268
331
379
361
2
447
300
241
255
202
87
180
510
169
329
168
263
80
505
423
310
192
88
196
289
356
349
122
371
438
387
200
314
484
199