512
768
896
960
992
1008
1016
1020
1022
1023
1021
1018
1019
1017
1012
1014
1015
1013
1010
1011
1009
1000
1004
1006
1007
1005
1002
1003
1001
996
998
999
997
994
995
993
976
984
988
990
991
989
986
987
985
980
982
983
981
978
979
977
968
972
974
975
973
970
971
969
964
966
967
965
962
963
961
928
944
952
956
958
959
957
954
955
953
948
950
951
949
946
947
945
936
940
942
943
941
938
939
937
932
934
935
933
930
931
929
912
920
924
926
927
925
922
923
921
916
918
919
917
914
915
913
904
908
910
911
909
906
907
905
900
902
903
901
898
899
897
832
864
880
888
892
894
895
893
890
891
889
884
886
887
885
882
883
881
872
876
878
879
877
874
875
873
868
870
871
869
866
867
865
848
856
860
862
863
861
858
859
857
852
854
855
853
850
851
849
840
844
846
847
845
842
843
841
836
838
839
837
834
835
833
800
816
824
828
830
831
829
826
827
825
820
822
823
821
818
819
817
808
812
814
815
813
810
811
809
804
806
807
805
802
803
801
784
792
796
798
799
797
794
795
793
788
790
791
789
786
787
785
776
780
782
783
781
778
779
777
772
774
775
773
770
771
769
640
704
736
752
760
764
766
767
765
762
763
761
756
758
759
757
754
755
753
744
748
750
751
749
746
747
745
740
742
743
741
738
739
737
720
728
732
734
735
733
730
731
729
724
726
727
725
722
723
721
712
716
718
719
717
714
715
713
708
710
711
709
706
707
705
672
688
696
700
702
703
701
698
699
697
692
694
695
693
690
691
689
680
684
686
687
685
682
683
681
676
678
679
677
674
675
673
656
664
668
670
671
669
666
667
665
660
662
663
661
658
659
657
648
652
654
655
653
650
651
649
644
646
647
645
642
643
641
576
608
624
632
636
638
639
637
634
635
633
628
630
631
629
626
627
625
616
620
622
623
621
618
619
617
612
614
615
613
610
611
609
592
600
604
606
607
605
602
603
601
596
598
599
597
594
595
593
584
588
590
591
589
586
587
585
580
582
583
581
578
579
577
544
560
568
572
574
575
573
570
571
569
564
566
567
565
562
563
561
552
556
558
559
557
554
555
553
548
550
551
549
546
547
545
528
536
540
542
543
541
538
539
537
532
534
535
533
530
531
529
520
524
526
527
525
522
523
521
516
518
519
517
514
515
513
256
384
448
480
496
504
508
510
511
509
506
507
505
500
502
503
501
498
499
497
488
492
494
495
493
490
491
489
484
486
487
485
482
483
481
464
472
476
478
479
477
474
475
473
468
470
471
469
466
467
465
456
460
462
463
461
458
459
457
452
454
455
453
450
451
449
416
432
440
444
446
447
445
442
443
441
436
438
439
437
434
435
433
424
428
430
431
429
426
427
425
420
422
423
421
418
419
417
400
408
412
414
415
413
410
411
409
404
406
407
405
402
403
401
392
396
398
399
397
394
395
393
388
390
391
389
386
387
385
320
352
368
376
380
382
383
381
378
379
377
372
374
375
373
370
371
369
360
364
366
367
365
362
363
361
356
358
359
357
354
355
353
336
344
348
350
351
349
346
347
345
340
342
343
341
338
339
337
328
332
334
335
333
330
331
329
324
326
327
325
322
323
321
288
304
312
316
318
319
317
314
315
313
308
310
311
309
306
307
305
296
300
302
303
301
298
299
297
292
294
295
293
290
291
289
272
280
284
286
287
285
282
283
281
276
278
279
277
274
275
273
264
268
270
271
269
266
267
265
260
262
263
261
258
259
257
128
192
224
240
248
252
254
255
253
250
251
249
244
246
247
245
242
243
241
232
236
238
239
237
234
235
233
228
230
231
229
226
227
225
208
216
220
222
223
221
218
219
217
212
214
215
213
210
211
209
200
204
206
207
205
202
203
201
196
198
199
197
194
195
193
160
176
184
188
190
191
189
186
187
185
180
182
183
181
178
179
177
168
172
174
175
173
170
171
169
164
166
167
165
162
163
161
144
152
156
158
159
157
154
155
153
148
150
151
149
146
147
145
136
140
142
143
141
138
139
137
132
134
135
133
130
131
129
64
96
112
120
124
126
127
125
122
123
121
116
118
119
117
114
115
113
104
108
110
111
109
106
107
105
100
102
103
101
98
99
97
80
88
92
94
95
93
90
91
89
84
86
87
85
82
83
81
72
76
78
79
77
74
75
73
68
70
71
69
66
67
65
32
48
56
60
62
63
61
58
59
57
52
54
55
53
50
51
49
40
44
46
47
45
42
43
41
36
38
39
37
34
35
33
16
24
28
30
31
29
26
27
25
20
22
23
21
18
19
17
8
12
14
15
13
10
11
9
4
6
7
5
2
3
1