1024
1536
1792
1920
1984
2016
2032
2040
2044
2046
2047
2045
2042
2043
2041
2036
2038
2039
2037
2034
2035
2033
2024
2028
2030
2031
2029
2026
2027
2025
2020
2022
2023
2021
2018
2019
2017
2000
2008
2012
2014
2015
2013
2010
2011
2009
2004
2006
2007
2005
2002
2003
2001
1992
1996
1998
1999
1997
1994
1995
1993
1988
1990
1991
1989
1986
1987
1985
1952
1968
1976
1980
1982
1983
1981
1978
1979
1977
1972
1974
1975
1973
1970
1971
1969
1960
1964
1966
1967
1965
1962
1963
1961
1956
1958
1959
1957
1954
1955
1953
1936
1944
1948
1950
1951
1949
1946
1947
1945
1940
1942
1943
1941
1938
1939
1937
1928
1932
1934
1935
1933
1930
1931
1929
1924
1926
1927
1925
1922
1923
1921
1856
1888
1904
1912
1916
1918
1919
1917
1914
1915
1913
1908
1910
1911
1909
1906
1907
1905
1896
1900
1902
1903
1901
1898
1899
1897
1892
1894
1895
1893
1890
1891
1889
1872
1880
1884
1886
1887
1885
1882
1883
1881
1876
1878
1879
1877
1874
1875
1873
1864
1868
1870
1871
1869
1866
1867
1865
1860
1862
1863
1861
1858
1859
1857
1824
1840
1848
1852
1854
1855
1853
1850
1851
1849
1844
1846
1847
1845
1842
1843
1841
1832
1836
1838
1839
1837
1834
1835
1833
1828
1830
1831
1829
1826
1827
1825
1808
1816
1820
1822
1823
1821
1818
1819
1817
1812
1814
1815
1813
1810
1811
1809
1800
1804
1806
1807
1805
1802
1803
1801
1796
1798
1799
1797
1794
1795
1793
1664
1728
1760
1776
1784
1788
1790
1791
1789
1786
1787
1785
1780
1782
1783
1781
1778
1779
1777
1768
1772
1774
1775
1773
1770
1771
1769
1764
1766
1767
1765
1762
1763
1761
1744
1752
1756
1758
1759
1757
1754
1755
1753
1748
1750
1751
1749
1746
1747
1745
1736
1740
1742
1743
1741
1738
1739
1737
1732
1734
1735
1733
1730
1731
1729
1696
1712
1720
1724
1726
1727
1725
1722
1723
1721
1716
1718
1719
1717
1714
1715
1713
1704
1708
1710
1711
1709
1706
1707
1705
1700
1702
1703
1701
1698
1699
1697
1680
1688
1692
1694
1695
1693
1690
1691
1689
1684
1686
1687
1685
1682
1683
1681
1672
1676
1678
1679
1677
1674
1675
1673
1668
1670
1671
1669
1666
1667
1665
1600
1632
1648
1656
1660
1662
1663
1661
1658
1659
1657
1652
1654
1655
1653
1650
1651
1649
1640
1644
1646
1647
1645
1642
1643
1641
1636
1638
1639
1637
1634
1635
1633
1616
1624
1628
1630
1631
1629
1626
1627
1625
1620
1622
1623
1621
1618
1619
1617
1608
1612
1614
1615
1613
1610
1611
1609
1604
1606
1607
1605
1602
1603
1601
1568
1584
1592
1596
1598
1599
1597
1594
1595
1593
1588
1590
1591
1589
1586
1587
1585
1576
1580
1582
1583
1581
1578
1579
1577
1572
1574
1575
1573
1570
1571
1569
1552
1560
1564
1566
1567
1565
1562
1563
1561
1556
1558
1559
1557
1554
1555
1553
1544
1548
1550
1551
1549
1546
1547
1545
1540
1542
1543
1541
1538
1539
1537
1280
1408
1472
1504
1520
1528
1532
1534
1535
1533
1530
1531
1529
1524
1526
1527
1525
1522
1523
1521
1512
1516
1518
1519
1517
1514
1515
1513
1508
1510
1511
1509
1506
1507
1505
1488
1496
1500
1502
1503
1501
1498
1499
1497
1492
1494
1495
1493
1490
1491
1489
1480
1484
1486
1487
1485
1482
1483
1481
1476
1478
1479
1477
1474
1475
1473
1440
1456
1464
1468
1470
1471
1469
1466
1467
1465
1460
1462
1463
1461
1458
1459
1457
1448
1452
1454
1455
1453
1450
1451
1449
1444
1446
1447
1445
1442
1443
1441
1424
1432
1436
1438
1439
1437
1434
1435
1433
1428
1430
1431
1429
1426
1427
1425
1416
1420
1422
1423
1421
1418
1419
1417
1412
1414
1415
1413
1410
1411
1409
1344
1376
1392
1400
1404
1406
1407
1405
1402
1403
1401
1396
1398
1399
1397
1394
1395
1393
1384
1388
1390
1391
1389
1386
1387
1385
1380
1382
1383
1381
1378
1379
1377
1360
1368
1372
1374
1375
1373
1370
1371
1369
1364
1366
1367
1365
1362
1363
1361
1352
1356
1358
1359
1357
1354
1355
1353
1348
1350
1351
1349
1346
1347
1345
1312
1328
1336
1340
1342
1343
1341
1338
1339
1337
1332
1334
1335
1333
1330
1331
1329
1320
1324
1326
1327
1325
1322
1323
1321
1316
1318
1319
1317
1314
1315
1313
1296
1304
1308
1310
1311
1309
1306
1307
1305
1300
1302
1303
1301
1298
1299
1297
1288
1292
1294
1295
1293
1290
1291
1289
1284
1286
1287
1285
1282
1283
1281
1152
1216
1248
1264
1272
1276
1278
1279
1277
1274
1275
1273
1268
1270
1271
1269
1266
1267
1265
1256
1260
1262
1263
1261
1258
1259
1257
1252
1254
1255
1253
1250
1251
1249
1232
1240
1244
1246
1247
1245
1242
1243
1241
1236
1238
1239
1237
1234
1235
1233
1224
1228
1230
1231
1229
1226
1227
1225
1220
1222
1223
1221
1218
1219
1217
1184
1200
1208
1212
1214
1215
1213
1210
1211
1209
1204
1206
1207
1205
1202
1203
1201
1192
1196
1198
1199
1197
1194
1195
1193
1188
1190
1191
1189
1186
1187
1185
1168
1176
1180
1182
1183
1181
1178
1179
1177
1172
1174
1175
1173
1170
1171
1169
1160
1164
1166
1167
1165
1162
1163
1161
1156
1158
1159
1157
1154
1155
1153
1088
1120
1136
1144
1148
1150
1151
1149
1146
1147
1145
1140
1142
1143
1141
1138
1139
1137
1128
1132
1134
1135
1133
1130
1131
1129
1124
1126
1127
1125
1122
1123
1121
1104
1112
1116
1118
1119
1117
1114
1115
1113
1108
1110
1111
1109
1106
1107
1105
1096
1100
1102
1103
1101
1098
1099
1097
1092
1094
1095
1093
1090
1091
1089
1056
1072
1080
1084
1086
1087
1085
1082
1083
1081
1076
1078
1079
1077
1074
1075
1073
1064
1068
1070
1071
1069
1066
1067
1065
1060
1062
1063
1061
1058
1059
1057
1040
1048
1052
1054
1055
1053
1050
1051
1049
1044
1046
1047
1045
1042
1043
1041
1032
1036
1038
1039
1037
1034
1035
1033
1028
1030
1031
1029
1026
1027
1025
512
768
896
960
992
1008
1016
1020
1022
1023
1021
1018
1019
1017
1012
1014
1015
1013
1010
1011
1009
1000
1004
1006
1007
1005
1002
1003
1001
996
998
999
997
994
995
993
976
984
988
990
991
989
986
987
985
980
982
983
981
978
979
977
968
972
974
975
973
970
971
969
964
966
967
965
962
963
961
928
944
952
956
958
959
957
954
955
953
948
950
951
949
946
947
945
936
940
942
943
941
938
939
937
932
934
935
933
930
931
929
912
920
924
926
927
925
922
923
921
916
918
919
917
914
915
913
904
908
910
911
909
906
907
905
900
902
903
901
898
899
897
832
864
880
888
892
894
895
893
890
891
889
884
886
887
885
882
883
881
872
876
878
879
877
874
875
873
868
870
871
869
866
867
865
848
856
860
862
863
861
858
859
857
852
854
855
853
850
851
849
840
844
846
847
845
842
843
841
836
838
839
837
834
835
833
800
816
824
828
830
831
829
826
827
825
820
822
823
821
818
819
817
808
812
814
815
813
810
811
809
804
806
807
805
802
803
801
784
792
796
798
799
797
794
795
793
788
790
791
789
786
787
785
776
780
782
783
781
778
779
777
772
774
775
773
770
771
769
640
704
736
752
760
764
766
767
765
762
763
761
756
758
759
757
754
755
753
744
748
750
751
749
746
747
745
740
742
743
741
738
739
737
720
728
732
734
735
733
730
731
729
724
726
727
725
722
723
721
712
716
718
719
717
714
715
713
708
710
711
709
706
707
705
672
688
696
700
702
703
701
698
699
697
692
694
695
693
690
691
689
680
684
686
687
685
682
683
681
676
678
679
677
674
675
673
656
664
668
670
671
669
666
667
665
660
662
663
661
658
659
657
648
652
654
655
653
650
651
649
644
646
647
645
642
643
641
576
608
624
632
636
638
639
637
634
635
633
628
630
631
629
626
627
625
616
620
622
623
621
618
619
617
612
614
615
613
610
611
609
592
600
604
606
607
605
602
603
601
596
598
599
597
594
595
593
584
588
590
591
589
586
587
585
580
582
583
581
578
579
577
544
560
568
572
574
575
573
570
571
569
564
566
567
565
562
563
561
552
556
558
559
557
554
555
553
548
550
551
549
546
547
545
528
536
540
542
543
541
538
539
537
532
534
535
533
530
531
529
520
524
526
527
525
522
523
521
516
518
519
517
514
515
513
256
384
448
480
496
504
508
510
511
509
506
507
505
500
502
503
501
498
499
497
488
492
494
495
493
490
491
489
484
486
487
485
482
483
481
464
472
476
478
479
477
474
475
473
468
470
471
469
466
467
465
456
460
462
463
461
458
459
457
452
454
455
453
450
451
449
416
432
440
444
446
447
445
442
443
441
436
438
439
437
434
435
433
424
428
430
431
429
426
427
425
420
422
423
421
418
419
417
400
408
412
414
415
413
410
411
409
404
406
407
405
402
403
401
392
396
398
399
397
394
395
393
388
390
391
389
386
387
385
320
352
368
376
380
382
383
381
378
379
377
372
374
375
373
370
371
369
360
364
366
367
365
362
363
361
356
358
359
357
354
355
353
336
344
348
350
351
349
346
347
345
340
342
343
341
338
339
337
328
332
334
335
333
330
331
329
324
326
327
325
322
323
321
288
304
312
316
318
319
317
314
315
313
308
310
311
309
306
307
305
296
300
302
303
301
298
299
297
292
294
295
293
290
291
289
272
280
284
286
287
285
282
283
281
276
278
279
277
274
275
273
264
268
270
271
269
266
267
265
260
262
263
261
258
259
257
128
192
224
240
248
252
254
255
253
250
251
249
244
246
247
245
242
243
241
232
236
238
239
237
234
235
233
228
230
231
229
226
227
225
208
216
220
222
223
221
218
219
217
212
214
215
213
210
211
209
200
204
206
207
205
202
203
201
196
198
199
197
194
195
193
160
176
184
188
190
191
189
186
187
185
180
182
183
181
178
179
177
168
172
174
175
173
170
171
169
164
166
167
165
162
163
161
144
152
156
158
159
157
154
155
153
148
150
151
149
146
147
145
136
140
142
143
141
138
139
137
132
134
135
133
130
131
129
64
96
112
120
124
126
127
125
122
123
121
116
118
119
117
114
115
113
104
108
110
111
109
106
107
105
100
102
103
101
98
99
97
80
88
92
94
95
93
90
91
89
84
86
87
85
82
83
81
72
76
78
79
77
74
75
73
68
70
71
69
66
67
65
32
48
56
60
62
63
61
58
59
57
52
54
55
53
50
51
49
40
44
46
47
45
42
43
41
36
38
39
37
34
35
33
16
24
28
30
31
29
26
27
25
20
22
23
21
18
19
17
8
12
14
15
13
10
11
9
4
6
7
5
2
3
1