2048
3072
3584
3840
3968
4032
4064
4080
4088
4092
4094
4095
4093
4090
4091
4089
4084
4086
4087
4085
4082
4083
4081
4072
4076
4078
4079
4077
4074
4075
4073
4068
4070
4071
4069
4066
4067
4065
4048
4056
4060
4062
4063
4061
4058
4059
4057
4052
4054
4055
4053
4050
4051
4049
4040
4044
4046
4047
4045
4042
4043
4041
4036
4038
4039
4037
4034
4035
4033
4000
4016
4024
4028
4030
4031
4029
4026
4027
4025
4020
4022
4023
4021
4018
4019
4017
4008
4012
4014
4015
4013
4010
4011
4009
4004
4006
4007
4005
4002
4003
4001
3984
3992
3996
3998
3999
3997
3994
3995
3993
3988
3990
3991
3989
3986
3987
3985
3976
3980
3982
3983
3981
3978
3979
3977
3972
3974
3975
3973
3970
3971
3969
3904
3936
3952
3960
3964
3966
3967
3965
3962
3963
3961
3956
3958
3959
3957
3954
3955
3953
3944
3948
3950
3951
3949
3946
3947
3945
3940
3942
3943
3941
3938
3939
3937
3920
3928
3932
3934
3935
3933
3930
3931
3929
3924
3926
3927
3925
3922
3923
3921
3912
3916
3918
3919
3917
3914
3915
3913
3908
3910
3911
3909
3906
3907
3905
3872
3888
3896
3900
3902
3903
3901
3898
3899
3897
3892
3894
3895
3893
3890
3891
3889
3880
3884
3886
3887
3885
3882
3883
3881
3876
3878
3879
3877
3874
3875
3873
3856
3864
3868
3870
3871
3869
3866
3867
3865
3860
3862
3863
3861
3858
3859
3857
3848
3852
3854
3855
3853
3850
3851
3849
3844
3846
3847
3845
3842
3843
3841
3712
3776
3808
3824
3832
3836
3838
3839
3837
3834
3835
3833
3828
3830
3831
3829
3826
3827
3825
3816
3820
3822
3823
3821
3818
3819
3817
3812
3814
3815
3813
3810
3811
3809
3792
3800
3804
3806
3807
3805
3802
3803
3801
3796
3798
3799
3797
3794
3795
3793
3784
3788
3790
3791
3789
3786
3787
3785
3780
3782
3783
3781
3778
3779
3777
3744
3760
3768
3772
3774
3775
3773
3770
3771
3769
3764
3766
3767
3765
3762
3763
3761
3752
3756
3758
3759
3757
3754
3755
3753
3748
3750
3751
3749
3746
3747
3745
3728
3736
3740
3742
3743
3741
3738
3739
3737
3732
3734
3735
3733
3730
3731
3729
3720
3724
3726
3727
3725
3722
3723
3721
3716
3718
3719
3717
3714
3715
3713
3648
3680
3696
3704
3708
3710
3711
3709
3706
3707
3705
3700
3702
3703
3701
3698
3699
3697
3688
3692
3694
3695
3693
3690
3691
3689
3684
3686
3687
3685
3682
3683
3681
3664
3672
3676
3678
3679
3677
3674
3675
3673
3668
3670
3671
3669
3666
3667
3665
3656
3660
3662
3663
3661
3658
3659
3657
3652
3654
3655
3653
3650
3651
3649
3616
3632
3640
3644
3646
3647
3645
3642
3643
3641
3636
3638
3639
3637
3634
3635
3633
3624
3628
3630
3631
3629
3626
3627
3625
3620
3622
3623
3621
3618
3619
3617
3600
3608
3612
3614
3615
3613
3610
3611
3609
3604
3606
3607
3605
3602
3603
3601
3592
3596
3598
3599
3597
3594
3595
3593
3588
3590
3591
3589
3586
3587
3585
3328
3456
3520
3552
3568
3576
3580
3582
3583
3581
3578
3579
3577
3572
3574
3575
3573
3570
3571
3569
3560
3564
3566
3567
3565
3562
3563
3561
3556
3558
3559
3557
3554
3555
3553
3536
3544
3548
3550
3551
3549
3546
3547
3545
3540
3542
3543
3541
3538
3539
3537
3528
3532
3534
3535
3533
3530
3531
3529
3524
3526
3527
3525
3522
3523
3521
3488
3504
3512
3516
3518
3519
3517
3514
3515
3513
3508
3510
3511
3509
3506
3507
3505
3496
3500
3502
3503
3501
3498
3499
3497
3492
3494
3495
3493
3490
3491
3489
3472
3480
3484
3486
3487
3485
3482
3483
3481
3476
3478
3479
3477
3474
3475
3473
3464
3468
3470
3471
3469
3466
3467
3465
3460
3462
3463
3461
3458
3459
3457
3392
3424
3440
3448
3452
3454
3455
3453
3450
3451
3449
3444
3446
3447
3445
3442
3443
3441
3432
3436
3438
3439
3437
3434
3435
3433
3428
3430
3431
3429
3426
3427
3425
3408
3416
3420
3422
3423
3421
3418
3419
3417
3412
3414
3415
3413
3410
3411
3409
3400
3404
3406
3407
3405
3402
3403
3401
3396
3398
3399
3397
3394
3395
3393
3360
3376
3384
3388
3390
3391
3389
3386
3387
3385
3380
3382
3383
3381
3378
3379
3377
3368
3372
3374
3375
3373
3370
3371
3369
3364
3366
3367
3365
3362
3363
3361
3344
3352
3356
3358
3359
3357
3354
3355
3353
3348
3350
3351
3349
3346
3347
3345
3336
3340
3342
3343
3341
3338
3339
3337
3332
3334
3335
3333
3330
3331
3329
3200
3264
3296
3312
3320
3324
3326
3327
3325
3322
3323
3321
3316
3318
3319
3317
3314
3315
3313
3304
3308
3310
3311
3309
3306
3307
3305
3300
3302
3303
3301
3298
3299
3297
3280
3288
3292
3294
3295
3293
3290
3291
3289
3284
3286
3287
3285
3282
3283
3281
3272
3276
3278
3279
3277
3274
3275
3273
3268
3270
3271
3269
3266
3267
3265
3232
3248
3256
3260
3262
3263
3261
3258
3259
3257
3252
3254
3255
3253
3250
3251
3249
3240
3244
3246
3247
3245
3242
3243
3241
3236
3238
3239
3237
3234
3235
3233
3216
3224
3228
3230
3231
3229
3226
3227
3225
3220
3222
3223
3221
3218
3219
3217
3208
3212
3214
3215
3213
3210
3211
3209
3204
3206
3207
3205
3202
3203
3201
3136
3168
3184
3192
3196
3198
3199
3197
3194
3195
3193
3188
3190
3191
3189
3186
3187
3185
3176
3180
3182
3183
3181
3178
3179
3177
3172
3174
3175
3173
3170
3171
3169
3152
3160
3164
3166
3167
3165
3162
3163
3161
3156
3158
3159
3157
3154
3155
3153
3144
3148
3150
3151
3149
3146
3147
3145
3140
3142
3143
3141
3138
3139
3137
3104
3120
3128
3132
3134
3135
3133
3130
3131
3129
3124
3126
3127
3125
3122
3123
3121
3112
3116
3118
3119
3117
3114
3115
3113
3108
3110
3111
3109
3106
3107
3105
3088
3096
3100
3102
3103
3101
3098
3099
3097
3092
3094
3095
3093
3090
3091
3089
3080
3084
3086
3087
3085
3082
3083
3081
3076
3078
3079
3077
3074
3075
3073
2560
2816
2944
3008
3040
3056
3064
3068
3070
3071
3069
3066
3067
3065
3060
3062
3063
3061
3058
3059
3057
3048
3052
3054
3055
3053
3050
3051
3049
3044
3046
3047
3045
3042
3043
3041
3024
3032
3036
3038
3039
3037
3034
3035
3033
3028
3030
3031
3029
3026
3027
3025
3016
3020
3022
3023
3021
3018
3019
3017
3012
3014
3015
3013
3010
3011
3009
2976
2992
3000
3004
3006
3007
3005
3002
3003
3001
2996
2998
2999
2997
2994
2995
2993
2984
2988
2990
2991
2989
2986
2987
2985
2980
2982
2983
2981
2978
2979
2977
2960
2968
2972
2974
2975
2973
2970
2971
2969
2964
2966
2967
2965
2962
2963
2961
2952
2956
2958
2959
2957
2954
2955
2953
2948
2950
2951
2949
2946
2947
2945
2880
2912
2928
2936
2940
2942
2943
2941
2938
2939
2937
2932
2934
2935
2933
2930
2931
2929
2920
2924
2926
2927
2925
2922
2923
2921
2916
2918
2919
2917
2914
2915
2913
2896
2904
2908
2910
2911
2909
2906
2907
2905
2900
2902
2903
2901
2898
2899
2897
2888
2892
2894
2895
2893
2890
2891
2889
2884
2886
2887
2885
2882
2883
2881
2848
2864
2872
2876
2878
2879
2877
2874
2875
2873
2868
2870
2871
2869
2866
2867
2865
2856
2860
2862
2863
2861
2858
2859
2857
2852
2854
2855
2853
2850
2851
2849
2832
2840
2844
2846
2847
2845
2842
2843
2841
2836
2838
2839
2837
2834
2835
2833
2824
2828
2830
2831
2829
2826
2827
2825
2820
2822
2823
2821
2818
2819
2817
2688
2752
2784
2800
2808
2812
2814
2815
2813
2810
2811
2809
2804
2806
2807
2805
2802
2803
2801
2792
2796
2798
2799
2797
2794
2795
2793
2788
2790
2791
2789
2786
2787
2785
2768
2776
2780
2782
2783
2781
2778
2779
2777
2772
2774
2775
2773
2770
2771
2769
2760
2764
2766
2767
2765
2762
2763
2761
2756
2758
2759
2757
2754
2755
2753
2720
2736
2744
2748
2750
2751
2749
2746
2747
2745
2740
2742
2743
2741
2738
2739
2737
2728
2732
2734
2735
2733
2730
2731
2729
2724
2726
2727
2725
2722
2723
2721
2704
2712
2716
2718
2719
2717
2714
2715
2713
2708
2710
2711
2709
2706
2707
2705
2696
2700
2702
2703
2701
2698
2699
2697
2692
2694
2695
2693
2690
2691
2689
2624
2656
2672
2680
2684
2686
2687
2685
2682
2683
2681
2676
2678
2679
2677
2674
2675
2673
2664
2668
2670
2671
2669
2666
2667
2665
2660
2662
2663
2661
2658
2659
2657
2640
2648
2652
2654
2655
2653
2650
2651
2649
2644
2646
2647
2645
2642
2643
2641
2632
2636
2638
2639
2637
2634
2635
2633
2628
2630
2631
2629
2626
2627
2625
2592
2608
2616
2620
2622
2623
2621
2618
2619
2617
2612
2614
2615
2613
2610
2611
2609
2600
2604
2606
2607
2605
2602
2603
2601
2596
2598
2599
2597
2594
2595
2593
2576
2584
2588
2590
2591
2589
2586
2587
2585
2580
2582
2583
2581
2578
2579
2577
2568
2572
2574
2575
2573
2570
2571
2569
2564
2566
2567
2565
2562
2563
2561
2304
2432
2496
2528
2544
2552
2556
2558
2559
2557
2554
2555
2553
2548
2550
2551
2549
2546
2547
2545
2536
2540
2542
2543
2541
2538
2539
2537
2532
2534
2535
2533
2530
2531
2529
2512
2520
2524
2526
2527
2525
2522
2523
2521
2516
2518
2519
2517
2514
2515
2513
2504
2508
2510
2511
2509
2506
2507
2505
2500
2502
2503
2501
2498
2499
2497
2464
2480
2488
2492
2494
2495
2493
2490
2491
2489
2484
2486
2487
2485
2482
2483
2481
2472
2476
2478
2479
2477
2474
2475
2473
2468
2470
2471
2469
2466
2467
2465
2448
2456
2460
2462
2463
2461
2458
2459
2457
2452
2454
2455
2453
2450
2451
2449
2440
2444
2446
2447
2445
2442
2443
2441
2436
2438
2439
2437
2434
2435
2433
2368
2400
2416
2424
2428
2430
2431
2429
2426
2427
2425
2420
2422
2423
2421
2418
2419
2417
2408
2412
2414
2415
2413
2410
2411
2409
2404
2406
2407
2405
2402
2403
2401
2384
2392
2396
2398
2399
2397
2394
2395
2393
2388
2390
2391
2389
2386
2387
2385
2376
2380
2382
2383
2381
2378
2379
2377
2372
2374
2375
2373
2370
2371
2369
2336
2352
2360
2364
2366
2367
2365
2362
2363
2361
2356
2358
2359
2357
2354
2355
2353
2344
2348
2350
2351
2349
2346
2347
2345
2340
2342
2343
2341
2338
2339
2337
2320
2328
2332
2334
2335
2333
2330
2331
2329
2324
2326
2327
2325
2322
2323
2321
2312
2316
2318
2319
2317
2314
2315
2313
2308
2310
2311
2309
2306
2307
2305
2176
2240
2272
2288
2296
2300
2302
2303
2301
2298
2299
2297
2292
2294
2295
2293
2290
2291
2289
2280
2284
2286
2287
2285
2282
2283
2281
2276
2278
2279
2277
2274
2275
2273
2256
2264
2268
2270
2271
2269
2266
2267
2265
2260
2262
2263
2261
2258
2259
2257
2248
2252
2254
2255
2253
2250
2251
2249
2244
2246
2247
2245
2242
2243
2241
2208
2224
2232
2236
2238
2239
2237
2234
2235
2233
2228
2230
2231
2229
2226
2227
2225
2216
2220
2222
2223
2221
2218
2219
2217
2212
2214
2215
2213
2210
2211
2209
2192
2200
2204
2206
2207
2205
2202
2203
2201
2196
2198
2199
2197
2194
2195
2193
2184
2188
2190
2191
2189
2186
2187
2185
2180
2182
2183
2181
2178
2179
2177
2112
2144
2160
2168
2172
2174
2175
2173
2170
2171
2169
2164
2166
2167
2165
2162
2163
2161
2152
2156
2158
2159
2157
2154
2155
2153
2148
2150
2151
2149
2146
2147
2145
2128
2136
2140
2142
2143
2141
2138
2139
2137
2132
2134
2135
2133
2130
2131
2129
2120
2124
2126
2127
2125
2122
2123
2121
2116
2118
2119
2117
2114
2115
2113
2080
2096
2104
2108
2110
2111
2109
2106
2107
2105
2100
2102
2103
2101
2098
2099
2097
2088
2092
2094
2095
2093
2090
2091
2089
2084
2086
2087
2085
2082
2083
2081
2064
2072
2076
2078
2079
2077
2074
2075
2073
2068
2070
2071
2069
2066
2067
2065
2056
2060
2062
2063
2061
2058
2059
2057
2052
2054
2055
2053
2050
2051
2049
1024
1536
1792
1920
1984
2016
2032
2040
2044
2046
2047
2045
2042
2043
2041
2036
2038
2039
2037
2034
2035
2033
2024
2028
2030
2031
2029
2026
2027
2025
2020
2022
2023
2021
2018
2019
2017
2000
2008
2012
2014
2015
2013
2010
2011
2009
2004
2006
2007
2005
2002
2003
2001
1992
1996
1998
1999
1997
1994
1995
1993
1988
1990
1991
1989
1986
1987
1985
1952
1968
1976
1980
1982
1983
1981
1978
1979
1977
1972
1974
1975
1973
1970
1971
1969
1960
1964
1966
1967
1965
1962
1963
1961
1956
1958
1959
1957
1954
1955
1953
1936
1944
1948
1950
1951
1949
1946
1947
1945
1940
1942
1943
1941
1938
1939
1937
1928
1932
1934
1935
1933
1930
1931
1929
1924
1926
1927
1925
1922
1923
1921
1856
1888
1904
1912
1916
1918
1919
1917
1914
1915
1913
1908
1910
1911
1909
1906
1907
1905
1896
1900
1902
1903
1901
1898
1899
1897
1892
1894
1895
1893
1890
1891
1889
1872
1880
1884
1886
1887
1885
1882
1883
1881
1876
1878
1879
1877
1874
1875
1873
1864
1868
1870
1871
1869
1866
1867
1865
1860
1862
1863
1861
1858
1859
1857
1824
1840
1848
1852
1854
1855
1853
1850
1851
1849
1844
1846
1847
1845
1842
1843
1841
1832
1836
1838
1839
1837
1834
1835
1833
1828
1830
1831
1829
1826
1827
1825
1808
1816
1820
1822
1823
1821
1818
1819
1817
1812
1814
1815
1813
1810
1811
1809
1800
1804
1806
1807
1805
1802
1803
1801
1796
1798
1799
1797
1794
1795
1793
1664
1728
1760
1776
1784
1788
1790
1791
1789
1786
1787
1785
1780
1782
1783
1781
1778
1779
1777
1768
1772
1774
1775
1773
1770
1771
1769
1764
1766
1767
1765
1762
1763
1761
1744
1752
1756
1758
1759
1757
1754
1755
1753
1748
1750
1751
1749
1746
1747
1745
1736
1740
1742
1743
1741
1738
1739
1737
1732
1734
1735
1733
1730
1731
1729
1696
1712
1720
1724
1726
1727
1725
1722
1723
1721
1716
1718
1719
1717
1714
1715
1713
1704
1708
1710
1711
1709
1706
1707
1705
1700
1702
1703
1701
1698
1699
1697
1680
1688
1692
1694
1695
1693
1690
1691
1689
1684
1686
1687
1685
1682
1683
1681
1672
1676
1678
1679
1677
1674
1675
1673
1668
1670
1671
1669
1666
1667
1665
1600
1632
1648
1656
1660
1662
1663
1661
1658
1659
1657
1652
1654
1655
1653
1650
1651
1649
1640
1644
1646
1647
1645
1642
1643
1641
1636
1638
1639
1637
1634
1635
1633
1616
1624
1628
1630
1631
1629
1626
1627
1625
1620
1622
1623
1621
1618
1619
1617
1608
1612
1614
1615
1613
1610
1611
1609
1604
1606
1607
1605
1602
1603
1601
1568
1584
1592
1596
1598
1599
1597
1594
1595
1593
1588
1590
1591
1589
1586
1587
1585
1576
1580
1582
1583
1581
1578
1579
1577
1572
1574
1575
1573
1570
1571
1569
1552
1560
1564
1566
1567
1565
1562
1563
1561
1556
1558
1559
1557
1554
1555
1553
1544
1548
1550
1551
1549
1546
1547
1545
1540
1542
1543
1541
1538
1539
1537
1280
1408
1472
1504
1520
1528
1532
1534
1535
1533
1530
1531
1529
1524
1526
1527
1525
1522
1523
1521
1512
1516
1518
1519
1517
1514
1515
1513
1508
1510
1511
1509
1506
1507
1505
1488
1496
1500
1502
1503
1501
1498
1499
1497
1492
1494
1495
1493
1490
1491
1489
1480
1484
1486
1487
1485
1482
1483
1481
1476
1478
1479
1477
1474
1475
1473
1440
1456
1464
1468
1470
1471
1469
1466
1467
1465
1460
1462
1463
1461
1458
1459
1457
1448
1452
1454
1455
1453
1450
1451
1449
1444
1446
1447
1445
1442
1443
1441
1424
1432
1436
1438
1439
1437
1434
1435
1433
1428
1430
1431
1429
1426
1427
1425
1416
1420
1422
1423
1421
1418
1419
1417
1412
1414
1415
1413
1410
1411
1409
1344
1376
1392
1400
1404
1406
1407
1405
1402
1403
1401
1396
1398
1399
1397
1394
1395
1393
1384
1388
1390
1391
1389
1386
1387
1385
1380
1382
1383
1381
1378
1379
1377
1360
1368
1372
1374
1375
1373
1370
1371
1369
1364
1366
1367
1365
1362
1363
1361
1352
1356
1358
1359
1357
1354
1355
1353
1348
1350
1351
1349
1346
1347
1345
1312
1328
1336
1340
1342
1343
1341
1338
1339
1337
1332
1334
1335
1333
1330
1331
1329
1320
1324
1326
1327
1325
1322
1323
1321
1316
1318
1319
1317
1314
1315
1313
1296
1304
1308
1310
1311
1309
1306
1307
1305
1300
1302
1303
1301
1298
1299
1297
1288
1292
1294
1295
1293
1290
1291
1289
1284
1286
1287
1285
1282
1283
1281
1152
1216
1248
1264
1272
1276
1278
1279
1277
1274
1275
1273
1268
1270
1271
1269
1266
1267
1265
1256
1260
1262
1263
1261
1258
1259
1257
1252
1254
1255
1253
1250
1251
1249
1232
1240
1244
1246
1247
1245
1242
1243
1241
1236
1238
1239
1237
1234
1235
1233
1224
1228
1230
1231
1229
1226
1227
1225
1220
1222
1223
1221
1218
1219
1217
1184
1200
1208
1212
1214
1215
1213
1210
1211
1209
1204
1206
1207
1205
1202
1203
1201
1192
1196
1198
1199
1197
1194
1195
1193
1188
1190
1191
1189
1186
1187
1185
1168
1176
1180
1182
1183
1181
1178
1179
1177
1172
1174
1175
1173
1170
1171
1169
1160
1164
1166
1167
1165
1162
1163
1161
1156
1158
1159
1157
1154
1155
1153
1088
1120
1136
1144
1148
1150
1151
1149
1146
1147
1145
1140
1142
1143
1141
1138
1139
1137
1128
1132
1134
1135
1133
1130
1131
1129
1124
1126
1127
1125
1122
1123
1121
1104
1112
1116
1118
1119
1117
1114
1115
1113
1108
1110
1111
1109
1106
1107
1105
1096
1100
1102
1103
1101
1098
1099
1097
1092
1094
1095
1093
1090
1091
1089
1056
1072
1080
1084
1086
1087
1085
1082
1083
1081
1076
1078
1079
1077
1074
1075
1073
1064
1068
1070
1071
1069
1066
1067
1065
1060
1062
1063
1061
1058
1059
1057
1040
1048
1052
1054
1055
1053
1050
1051
1049
1044
1046
1047
1045
1042
1043
1041
1032
1036
1038
1039
1037
1034
1035
1033
1028
1030
1031
1029
1026
1027
1025
512
768
896
960
992
1008
1016
1020
1022
1023
1021
1018
1019
1017
1012
1014
1015
1013
1010
1011
1009
1000
1004
1006
1007
1005
1002
1003
1001
996
998
999
997
994
995
993
976
984
988
990
991
989
986
987
985
980
982
983
981
978
979
977
968
972
974
975
973
970
971
969
964
966
967
965
962
963
961
928
944
952
956
958
959
957
954
955
953
948
950
951
949
946
947
945
936
940
942
943
941
938
939
937
932
934
935
933
930
931
929
912
920
924
926
927
925
922
923
921
916
918
919
917
914
915
913
904
908
910
911
909
906
907
905
900
902
903
901
898
899
897
832
864
880
888
892
894
895
893
890
891
889
884
886
887
885
882
883
881
872
876
878
879
877
874
875
873
868
870
871
869
866
867
865
848
856
860
862
863
861
858
859
857
852
854
855
853
850
851
849
840
844
846
847
845
842
843
841
836
838
839
837
834
835
833
800
816
824
828
830
831
829
826
827
825
820
822
823
821
818
819
817
808
812
814
815
813
810
811
809
804
806
807
805
802
803
801
784
792
796
798
799
797
794
795
793
788
790
791
789
786
787
785
776
780
782
783
781
778
779
777
772
774
775
773
770
771
769
640
704
736
752
760
764
766
767
765
762
763
761
756
758
759
757
754
755
753
744
748
750
751
749
746
747
745
740
742
743
741
738
739
737
720
728
732
734
735
733
730
731
729
724
726
727
725
722
723
721
712
716
718
719
717
714
715
713
708
710
711
709
706
707
705
672
688
696
700
702
703
701
698
699
697
692
694
695
693
690
691
689
680
684
686
687
685
682
683
681
676
678
679
677
674
675
673
656
664
668
670
671
669
666
667
665
660
662
663
661
658
659
657
648
652
654
655
653
650
651
649
644
646
647
645
642
643
641
576
608
624
632
636
638
639
637
634
635
633
628
630
631
629
626
627
625
616
620
622
623
621
618
619
617
612
614
615
613
610
611
609
592
600
604
606
607
605
602
603
601
596
598
599
597
594
595
593
584
588
590
591
589
586
587
585
580
582
583
581
578
579
577
544
560
568
572
574
575
573
570
571
569
564
566
567
565
562
563
561
552
556
558
559
557
554
555
553
548
550
551
549
546
547
545
528
536
540
542
543
541
538
539
537
532
534
535
533
530
531
529
520
524
526
527
525
522
523
521
516
518
519
517
514
515
513
256
384
448
480
496
504
508
510
511
509
506
507
505
500
502
503
501
498
499
497
488
492
494
495
493
490
491
489
484
486
487
485
482
483
481
464
472
476
478
479
477
474
475
473
468
470
471
469
466
467
465
456
460
462
463
461
458
459
457
452
454
455
453
450
451
449
416
432
440
444
446
447
445
442
443
441
436
438
439
437
434
435
433
424
428
430
431
429
426
427
425
420
422
423
421
418
419
417
400
408
412
414
415
413
410
411
409
404
406
407
405
402
403
401
392
396
398
399
397
394
395
393
388
390
391
389
386
387
385
320
352
368
376
380
382
383
381
378
379
377
372
374
375
373
370
371
369
360
364
366
367
365
362
363
361
356
358
359
357
354
355
353
336
344
348
350
351
349
346
347
345
340
342
343
341
338
339
337
328
332
334
335
333
330
331
329
324
326
327
325
322
323
321
288
304
312
316
318
319
317
314
315
313
308
310
311
309
306
307
305
296
300
302
303
301
298
299
297
292
294
295
293
290
291
289
272
280
284
286
287
285
282
283
281
276
278
279
277
274
275
273
264
268
270
271
269
266
267
265
260
262
263
261
258
259
257
128
192
224
240
248
252
254
255
253
250
251
249
244
246
247
245
242
243
241
232
236
238
239
237
234
235
233
228
230
231
229
226
227
225
208
216
220
222
223
221
218
219
217
212
214
215
213
210
211
209
200
204
206
207
205
202
203
201
196
198
199
197
194
195
193
160
176
184
188
190
191
189
186
187
185
180
182
183
181
178
179
177
168
172
174
175
173
170
171
169
164
166
167
165
162
163
161
144
152
156
158
159
157
154
155
153
148
150
151
149
146
147
145
136
140
142
143
141
138
139
137
132
134
135
133
130
131
129
64
96
112
120
124
126
127
125
122
123
121
116
118
119
117
114
115
113
104
108
110
111
109
106
107
105
100
102
103
101
98
99
97
80
88
92
94
95
93
90
91
89
84
86
87
85
82
83
81
72
76
78
79
77
74
75
73
68
70
71
69
66
67
65
32
48
56
60
62
63
61
58
59
57
52
54
55
53
50
51
49
40
44
46
47
45
42
43
41
36
38
39
37
34
35
33
16
24
28
30
31
29
26
27
25
20
22
23
21
18
19
17
8
12
14
15
13
10
11
9
4
6
7
5
2
3
1