128
192
224
240
248
252
254
255
253
250
251
249
244
246
247
245
242
243
241
232
236
238
239
237
234
235
233
228
230
231
229
226
227
225
208
216
220
222
223
221
218
219
217
212
214
215
213
210
211
209
200
204
206
207
205
202
203
201
196
198
199
197
194
195
193
160
176
184
188
190
191
189
186
187
185
180
182
183
181
178
179
177
168
172
174
175
173
170
171
169
164
166
167
165
162
163
161
144
152
156
158
159
157
154
155
153
148
150
151
149
146
147
145
136
140
142
143
141
138
139
137
132
134
135
133
130
131
129
64
96
112
120
124
126
127
125
122
123
121
116
118
119
117
114
115
113
104
108
110
111
109
106
107
105
100
102
103
101
98
99
97
80
88
92
94
95
93
90
91
89
84
86
87
85
82
83
81
72
76
78
79
77
74
75
73
68
70
71
69
66
67
65
32
48
56
60
62
63
61
58
59
57
52
54
55
53
50
51
49
40
44
46
47
45
42
43
41
36
38
39
37
34
35
33
16
24
28
30
31
29
26
27
25
20
22
23
21
18
19
17
8
12
14
15
13
10
11
9
4
6
7
5
2
3
1