146
204
249
190
40
117
243
149
94
159
142
221
151
224
180
203
198
93
105
143
114
173
201
126
89
32
228
122
155
45
229
161
246
188
2
140
189
157
57
116
176
30
28
178
169
81
148
128
107
26
74
95
92
212
242
52
209
153
111
124
86
6
119
18
207
31
253
225
91
245
235
72
62
226
168
47
9
27
164
141
237
134
183
232
131
214
137
120
56
192
19
163
248
38
101
252
24
48
102
78
255
25
79
4
118
5
69
251
33
136
167
211
197
129
67
184
218
133
195
15
98
99
185
205
106
65
59
54
58
234
240
130
11
55
71
200
194
104
13
84
138
53
77
100
213
244
156
21
8
108
20
87
127
227
44
80
103
76
34
181
175
125
113
206
46
230
241
219
222
247
239
231
208
68
7
220
177
3
60
115
193
23
171
14
36
37
132
162
17
236
51
135
109
160
144
49
191
174
70
254
16
250
199
83
88
64
96
170
123
22
166
233
12
196
10
121
186
215
238
217
85
165
223
172
97
61
154
179
182
187
90
150
43
39
139
216
63
73
35
82
1
42
145
50
152
210
41
147
110
75
29
158
112
202
66