256
384
448
480
496
504
508
510
511
509
506
507
505
500
502
503
501
498
499
497
488
492
494
495
493
490
491
489
484
486
487
485
482
483
481
464
472
476
478
479
477
474
475
473
468
470
471
469
466
467
465
456
460
462
463
461
458
459
457
452
454
455
453
450
451
449
416
432
440
444
446
447
445
442
443
441
436
438
439
437
434
435
433
424
428
430
431
429
426
427
425
420
422
423
421
418
419
417
400
408
412
414
415
413
410
411
409
404
406
407
405
402
403
401
392
396
398
399
397
394
395
393
388
390
391
389
386
387
385
320
352
368
376
380
382
383
381
378
379
377
372
374
375
373
370
371
369
360
364
366
367
365
362
363
361
356
358
359
357
354
355
353
336
344
348
350
351
349
346
347
345
340
342
343
341
338
339
337
328
332
334
335
333
330
331
329
324
326
327
325
322
323
321
288
304
312
316
318
319
317
314
315
313
308
310
311
309
306
307
305
296
300
302
303
301
298
299
297
292
294
295
293
290
291
289
272
280
284
286
287
285
282
283
281
276
278
279
277
274
275
273
264
268
270
271
269
266
267
265
260
262
263
261
258
259
257
128
192
224
240
248
252
254
255
253
250
251
249
244
246
247
245
242
243
241
232
236
238
239
237
234
235
233
228
230
231
229
226
227
225
208
216
220
222
223
221
218
219
217
212
214
215
213
210
211
209
200
204
206
207
205
202
203
201
196
198
199
197
194
195
193
160
176
184
188
190
191
189
186
187
185
180
182
183
181
178
179
177
168
172
174
175
173
170
171
169
164
166
167
165
162
163
161
144
152
156
158
159
157
154
155
153
148
150
151
149
146
147
145
136
140
142
143
141
138
139
137
132
134
135
133
130
131
129
64
96
112
120
124
126
127
125
122
123
121
116
118
119
117
114
115
113
104
108
110
111
109
106
107
105
100
102
103
101
98
99
97
80
88
92
94
95
93
90
91
89
84
86
87
85
82
83
81
72
76
78
79
77
74
75
73
68
70
71
69
66
67
65
32
48
56
60
62
63
61
58
59
57
52
54
55
53
50
51
49
40
44
46
47
45
42
43
41
36
38
39
37
34
35
33
16
24
28
30
31
29
26
27
25
20
22
23
21
18
19
17
8
12
14
15
13
10
11
9
4
6
7
5
2
3
1